        -1.00000         0.00019
        -0.99860         0.00019
        -0.99720         0.00020
        -0.99580         0.00020
        -0.99440         0.00020
        -0.99301         0.00020
        -0.99161         0.00020
        -0.99021         0.00020
        -0.98881         0.00020
        -0.98741         0.00021
        -0.98601         0.00021
        -0.98461         0.00021
        -0.98321         0.00022
        -0.98181         0.00022
        -0.98042         0.00023
        -0.97902         0.00023
        -0.97762         0.00024
        -0.97622         0.00025
        -0.97482         0.00025
        -0.97342         0.00025
        -0.97202         0.00026
        -0.97062         0.00026
        -0.96923         0.00026
        -0.96783         0.00026
        -0.96643         0.00026
        -0.96503         0.00027
        -0.96363         0.00027
        -0.96223         0.00027
        -0.96083         0.00028
        -0.95943         0.00029
        -0.95803         0.00029
        -0.95664         0.00030
        -0.95524         0.00031
        -0.95384         0.00032
        -0.95244         0.00033
        -0.95104         0.00033
        -0.94964         0.00034
        -0.94824         0.00034
        -0.94684         0.00035
        -0.94544         0.00035
        -0.94405         0.00035
        -0.94265         0.00036
        -0.94125         0.00036
        -0.93985         0.00036
        -0.93845         0.00037
        -0.93705         0.00038
        -0.93565         0.00039
        -0.93425         0.00040
        -0.93285         0.00041
        -0.93146         0.00042
        -0.93006         0.00043
        -0.92866         0.00045
        -0.92726         0.00046
        -0.92586         0.00047
        -0.92446         0.00047
        -0.92306         0.00048
        -0.92166         0.00049
        -0.92027         0.00049
        -0.91887         0.00050
        -0.91747         0.00050
        -0.91607         0.00051
        -0.91467         0.00052
        -0.91327         0.00053
        -0.91187         0.00055
        -0.91047         0.00056
        -0.90907         0.00058
        -0.90768         0.00060
        -0.90628         0.00062
        -0.90488         0.00063
        -0.90348         0.00065
        -0.90208         0.00067
        -0.90068         0.00068
        -0.89928         0.00070
        -0.89788         0.00071
        -0.89648         0.00072
        -0.89509         0.00073
        -0.89369         0.00074
        -0.89229         0.00075
        -0.89089         0.00077
        -0.88949         0.00079
        -0.88809         0.00081
        -0.88669         0.00083
        -0.88529         0.00086
        -0.88389         0.00089
        -0.88250         0.00092
        -0.88110         0.00095
        -0.87970         0.00098
        -0.87830         0.00101
        -0.87690         0.00104
        -0.87550         0.00107
        -0.87410         0.00109
        -0.87270         0.00112
        -0.87131         0.00114
        -0.86991         0.00116
        -0.86851         0.00118
        -0.86711         0.00121
        -0.86571         0.00124
        -0.86431         0.00128
        -0.86291         0.00132
        -0.86151         0.00137
        -0.86011         0.00142
        -0.85872         0.00148
        -0.85732         0.00154
        -0.85592         0.00160
        -0.85452         0.00167
        -0.85312         0.00173
        -0.85172         0.00179
        -0.85032         0.00184
        -0.84892         0.00189
        -0.84752         0.00194
        -0.84613         0.00199
        -0.84473         0.00204
        -0.84333         0.00210
        -0.84193         0.00216
        -0.84053         0.00223
        -0.83913         0.00231
        -0.83773         0.00241
        -0.83633         0.00252
        -0.83493         0.00265
        -0.83354         0.00279
        -0.83214         0.00294
        -0.83074         0.00310
        -0.82934         0.00326
        -0.82794         0.00343
        -0.82654         0.00358
        -0.82514         0.00373
        -0.82374         0.00388
        -0.82235         0.00401
        -0.82095         0.00414
        -0.81955         0.00428
        -0.81815         0.00442
        -0.81675         0.00459
        -0.81535         0.00478
        -0.81395         0.00503
        -0.81255         0.00532
        -0.81115         0.00569
        -0.80976         0.00612
        -0.80836         0.00662
        -0.80696         0.00720
        -0.80556         0.00783
        -0.80416         0.00852
        -0.80276         0.00923
        -0.80136         0.00995
        -0.79996         0.01066
        -0.79856         0.01134
        -0.79717         0.01197
        -0.79577         0.01257
        -0.79437         0.01314
        -0.79297         0.01373
        -0.79157         0.01441
        -0.79017         0.01527
        -0.78877         0.01646
        -0.78737         0.01815
        -0.78597         0.02059
        -0.78458         0.02405
        -0.78318         0.02885
        -0.78178         0.03538
        -0.78038         0.04406
        -0.77898         0.05536
        -0.77758         0.06978
        -0.77618         0.08786
        -0.77478         0.11014
        -0.77339         0.13719
        -0.77199         0.16958
        -0.77059         0.20784
        -0.76919         0.25252
        -0.76779         0.30408
        -0.76639         0.36298
        -0.76499         0.42959
        -0.76359         0.50423
        -0.76219         0.58712
        -0.76080         0.67842
        -0.75940         0.77819
        -0.75800         0.88641
        -0.75660         1.00294
        -0.75520         1.12759
        -0.75380         1.26006
        -0.75240         1.39997
        -0.75100         1.54689
        -0.74960         1.70029
        -0.74821         1.85963
        -0.74681         2.02430
        -0.74541         2.19369
        -0.74401         2.36716
        -0.74261         2.54408
        -0.74121         2.72383
        -0.73981         2.90585
        -0.73841         3.08958
        -0.73701         3.27456
        -0.73562         3.46037
        -0.73422         3.64668
        -0.73282         3.83324
        -0.73142         4.01989
        -0.73002         4.20656
        -0.72862         4.39330
        -0.72722         4.58021
        -0.72582         4.76753
        -0.72443         4.95556
        -0.72303         5.14468
        -0.72163         5.33537
        -0.72023         5.52815
        -0.71883         5.72362
        -0.71743         5.92241
        -0.71603         6.12521
        -0.71463         6.33273
        -0.71323         6.54571
        -0.71184         6.76488
        -0.71044         6.99102
        -0.70904         7.22488
        -0.70764         7.46722
        -0.70624         7.71879
        -0.70484         7.98032
        -0.70344         8.25252
        -0.70204         8.53610
        -0.70064         8.83172
        -0.69925         9.14000
        -0.69785         9.46154
        -0.69645         9.79686
        -0.69505        10.14644
        -0.69365        10.51066
        -0.69225        10.88979
        -0.69085        11.28401
        -0.68945        11.69334
        -0.68805        12.11764
        -0.68666        12.55659
        -0.68526        13.00964
        -0.68386        13.47602
        -0.68246        13.95470
        -0.68106        14.44435
        -0.67966        14.94336
        -0.67826        15.44981
        -0.67686        15.96147
        -0.67546        16.47577
        -0.67407        16.98987
        -0.67267        17.50061
        -0.67127        18.00456
        -0.66987        18.49806
        -0.66847        18.97725
        -0.66707        19.43811
        -0.66567        19.87653
        -0.66427        20.28833
        -0.66288        20.66940
        -0.66148        21.01567
        -0.66008        21.32325
        -0.65868        21.58849
        -0.65728        21.80802
        -0.65588        21.97885
        -0.65448        22.09839
        -0.65308        22.16455
        -0.65168        22.17578
        -0.65029        22.13108
        -0.64889        22.03008
        -0.64749        21.87301
        -0.64609        21.66076
        -0.64469        21.39486
        -0.64329        21.07749
        -0.64189        20.71140
        -0.64049        20.29998
        -0.63909        19.84715
        -0.63770        19.35731
        -0.63630        18.83534
        -0.63490        18.28650
        -0.63350        17.71637
        -0.63210        17.13076
        -0.63070        16.53568
        -0.62930        15.93722
        -0.62790        15.34149
        -0.62650        14.75455
        -0.62511        14.18230
        -0.62371        13.63045
        -0.62231        13.10442
        -0.62091        12.60929
        -0.61951        12.14974
        -0.61811        11.72999
        -0.61671        11.35377
        -0.61531        11.02431
        -0.61392        10.74426
        -0.61252        10.51574
        -0.61112        10.34031
        -0.60972        10.21897
        -0.60832        10.15222
        -0.60692        10.14007
        -0.60552        10.18210
        -0.60412        10.27746
        -0.60272        10.42501
        -0.60133        10.62331
        -0.59993        10.87075
        -0.59853        11.16557
        -0.59713        11.50596
        -0.59573        11.89010
        -0.59433        12.31625
        -0.59293        12.78281
        -0.59153        13.28831
        -0.59013        13.83149
        -0.58874        14.41133
        -0.58734        15.02699
        -0.58594        15.67788
        -0.58454        16.36357
        -0.58314        17.08380
        -0.58174        17.83838
        -0.58034        18.62718
        -0.57894        19.44999
        -0.57754        20.30648
        -0.57615        21.19612
        -0.57475        22.11804
        -0.57335        23.07099
        -0.57195        24.05324
        -0.57055        25.06250
        -0.56915        26.09585
        -0.56775        27.14974
        -0.56635        28.21988
        -0.56496        29.30131
        -0.56356        30.38836
        -0.56216        31.47472
        -0.56076        32.55347
        -0.55936        33.61716
        -0.55796        34.65792
        -0.55656        35.66760
        -0.55516        36.63783
        -0.55376        37.56025
        -0.55237        38.42661
        -0.55097        39.22894
        -0.54957        39.95972
        -0.54817        40.61203
        -0.54677        41.17965
        -0.54537        41.65728
        -0.54397        42.04056
        -0.54257        42.32624
        -0.54117        42.51219
        -0.53978        42.59750
        -0.53838        42.58245
        -0.53698        42.46856
        -0.53558        42.25850
        -0.53418        41.95606
        -0.53278        41.56609
        -0.53138        41.09435
        -0.52998        40.54742
        -0.52858        39.93256
        -0.52719        39.25756
        -0.52579        38.53060
        -0.52439        37.76006
        -0.52299        36.95440
        -0.52159        36.12199
        -0.52019        35.27100
        -0.51879        34.40920
        -0.51739        33.54394
        -0.51600        32.68197
        -0.51460        31.82940
        -0.51320        30.99165
        -0.51180        30.17335
        -0.51040        29.37841
        -0.50900        28.60991
        -0.50760        27.87020
        -0.50620        27.16090
        -0.50480        26.48291
        -0.50341        25.83653
        -0.50201        25.22145
        -0.50061        24.63689
        -0.49921        24.08162
        -0.49781        23.55406
        -0.49641        23.05235
        -0.49501        22.57444
        -0.49361        22.11812
        -0.49221        21.68112
        -0.49082        21.26115
        -0.48942        20.85595
        -0.48802        20.46333
        -0.48662        20.08121
        -0.48522        19.70764
        -0.48382        19.34083
        -0.48242        18.97914
        -0.48102        18.62111
        -0.47962        18.26545
        -0.47823        17.91104
        -0.47683        17.55690
        -0.47543        17.20225
        -0.47403        16.84641
        -0.47263        16.48887
        -0.47123        16.12922
        -0.46983        15.76718
        -0.46843        15.40257
        -0.46704        15.03532
        -0.46564        14.66545
        -0.46424        14.29306
        -0.46284        13.91832
        -0.46144        13.54152
        -0.46004        13.16299
        -0.45864        12.78314
        -0.45724        12.40245
        -0.45584        12.02148
        -0.45445        11.64083
        -0.45305        11.26115
        -0.45165        10.88317
        -0.45025        10.50763
        -0.44885        10.13532
        -0.44745         9.76702
        -0.44605         9.40357
        -0.44465         9.04577
        -0.44325         8.69441
        -0.44186         8.35026
        -0.44046         8.01407
        -0.43906         7.68649
        -0.43766         7.36817
        -0.43626         7.05963
        -0.43486         6.76135
        -0.43346         6.47370
        -0.43206         6.19698
        -0.43066         5.93138
        -0.42927         5.67699
        -0.42787         5.43382
        -0.42647         5.20179
        -0.42507         4.98072
        -0.42367         4.77036
        -0.42227         4.57040
        -0.42087         4.38046
        -0.41947         4.20010
        -0.41808         4.02887
        -0.41668         3.86626
        -0.41528         3.71176
        -0.41388         3.56486
        -0.41248         3.42505
        -0.41108         3.29181
        -0.40968         3.16468
        -0.40828         3.04320
        -0.40688         2.92696
        -0.40549         2.81558
        -0.40409         2.70874
        -0.40269         2.60613
        -0.40129         2.50753
        -0.39989         2.41273
        -0.39849         2.32158
        -0.39709         2.23398
        -0.39569         2.14985
        -0.39429         2.06916
        -0.39290         1.99193
        -0.39150         1.91820
        -0.39010         1.84803
        -0.38870         1.78152
        -0.38730         1.71878
        -0.38590         1.65998
        -0.38450         1.60526
        -0.38310         1.55480
        -0.38170         1.50879
        -0.38031         1.46745
        -0.37891         1.43098
        -0.37751         1.39962
        -0.37611         1.37359
        -0.37471         1.35314
        -0.37331         1.33849
        -0.37191         1.32990
        -0.37051         1.32760
        -0.36912         1.33182
        -0.36772         1.34279
        -0.36632         1.36072
        -0.36492         1.38584
        -0.36352         1.41831
        -0.36212         1.45834
        -0.36072         1.50607
        -0.35932         1.56166
        -0.35792         1.62523
        -0.35653         1.69690
        -0.35513         1.77677
        -0.35373         1.86494
        -0.35233         1.96150
        -0.35093         2.06651
        -0.34953         2.18007
        -0.34813         2.30228
        -0.34673         2.43324
        -0.34533         2.57308
        -0.34394         2.72194
        -0.34254         2.88003
        -0.34114         3.04754
        -0.33974         3.22475
        -0.33834         3.41196
        -0.33694         3.60951
        -0.33554         3.81779
        -0.33414         4.03723
        -0.33274         4.26832
        -0.33135         4.51156
        -0.32995         4.76748
        -0.32855         5.03664
        -0.32715         5.31961
        -0.32575         5.61696
        -0.32435         5.92925
        -0.32295         6.25702
        -0.32155         6.60077
        -0.32016         6.96098
        -0.31876         7.33805
        -0.31736         7.73233
        -0.31596         8.14412
        -0.31456         8.57363
        -0.31316         9.02101
        -0.31176         9.48631
        -0.31036         9.96956
        -0.30896        10.47067
        -0.30757        10.98954
        -0.30617        11.52600
        -0.30477        12.07985
        -0.30337        12.65088
        -0.30197        13.23887
        -0.30057        13.84362
        -0.29917        14.46496
        -0.29777        15.10275
        -0.29637        15.75693
        -0.29498        16.42751
        -0.29358        17.11458
        -0.29218        17.81833
        -0.29078        18.53906
        -0.28938        19.27714
        -0.28798        20.03310
        -0.28658        20.80752
        -0.28518        21.60110
        -0.28378        22.41461
        -0.28239        23.24891
        -0.28099        24.10490
        -0.27959        24.98351
        -0.27819        25.88573
        -0.27679        26.81250
        -0.27539        27.76477
        -0.27399        28.74346
        -0.27259        29.74939
        -0.27120        30.78336
        -0.26980        31.84604
        -0.26840        32.93800
        -0.26700        34.05971
        -0.26560        35.21149
        -0.26420        36.39353
        -0.26280        37.60590
        -0.26140        38.84850
        -0.26000        40.12106
        -0.25861        41.42320
        -0.25721        42.75435
        -0.25581        44.11378
        -0.25441        45.50058
        -0.25301        46.91368
        -0.25161        48.35180
        -0.25021        49.81346
        -0.24881        51.29697
        -0.24741        52.80037
        -0.24602        54.32148
        -0.24462        55.85778
        -0.24322        57.40647
        -0.24182        58.96438
        -0.24042        60.52797
        -0.23902        62.09331
        -0.23762        63.65602
        -0.23622        65.21128
        -0.23482        66.75380
        -0.23343        68.27779
        -0.23203        69.77701
        -0.23063        71.24471
        -0.22923        72.67370
        -0.22783        74.05635
        -0.22643        75.38464
        -0.22503        76.65022
        -0.22363        77.84447
        -0.22224        78.95859
        -0.22084        79.98366
        -0.21944        80.91081
        -0.21804        81.73127
        -0.21664        82.43652
        -0.21524        83.01842
        -0.21384        83.46934
        -0.21244        83.78230
        -0.21104        83.95108
        -0.20965        83.97039
        -0.20825        83.83595
        -0.20685        83.54460
        -0.20545        83.09443
        -0.20405        82.48484
        -0.20265        81.71659
        -0.20125        80.79188
        -0.19985        79.71430
        -0.19845        78.48890
        -0.19706        77.12213
        -0.19566        75.62179
        -0.19426        73.99693
        -0.19286        72.25782
        -0.19146        70.41575
        -0.19006        68.48295
        -0.18866        66.47241
        -0.18726        64.39772
        -0.18586        62.27291
        -0.18447        60.11220
        -0.18307        57.92992
        -0.18167        55.74020
        -0.18027        53.55687
        -0.17887        51.39328
        -0.17747        49.26207
        -0.17607        47.17510
        -0.17467        45.14324
        -0.17328        43.17632
        -0.17188        41.28298
        -0.17048        39.47065
        -0.16908        37.74545
        -0.16768        36.11220
        -0.16628        34.57440
        -0.16488        33.13426
        -0.16348        31.79275
        -0.16208        30.54961
        -0.16069        29.40352
        -0.15929        28.35212
        -0.15789        27.39212
        -0.15649        26.51949
        -0.15509        25.72950
        -0.15369        25.01687
        -0.15229        24.37595
        -0.15089        23.80078
        -0.14949        23.28525
        -0.14810        22.82323
        -0.14670        22.40863
        -0.14530        22.03555
        -0.14390        21.69834
        -0.14250        21.39166
        -0.14110        21.11059
        -0.13970        20.85062
        -0.13830        20.60770
        -0.13690        20.37828
        -0.13551        20.15931
        -0.13411        19.94819
        -0.13271        19.74281
        -0.13131        19.54152
        -0.12991        19.34305
        -0.12851        19.14652
        -0.12711        18.95138
        -0.12571        18.75735
        -0.12431        18.56440
        -0.12292        18.37268
        -0.12152        18.18249
        -0.12012        17.99422
        -0.11872        17.80831
        -0.11732        17.62525
        -0.11592        17.44549
        -0.11452        17.26948
        -0.11312        17.09758
        -0.11173        16.93010
        -0.11033        16.76725
        -0.10893        16.60919
        -0.10753        16.45595
        -0.10613        16.30751
        -0.10473        16.16374
        -0.10333        16.02447
        -0.10193        15.88944
        -0.10053        15.75838
        -0.09914        15.63095
        -0.09774        15.50682
        -0.09634        15.38563
        -0.09494        15.26703
        -0.09354        15.15070
        -0.09214        15.03631
        -0.09074        14.92360
        -0.08934        14.81233
        -0.08794        14.70229
        -0.08655        14.59333
        -0.08515        14.48534
        -0.08375        14.37825
        -0.08235        14.27202
        -0.08095        14.16666
        -0.07955        14.06220
        -0.07815        13.95869
        -0.07675        13.85621
        -0.07535        13.75483
        -0.07396        13.65465
        -0.07256        13.55574
        -0.07116        13.45818
        -0.06976        13.36200
        -0.06836        13.26725
        -0.06696        13.17391
        -0.06556        13.08195
        -0.06416        12.99131
        -0.06277        12.90186
        -0.06137        12.81346
        -0.05997        12.72590
        -0.05857        12.63893
        -0.05717        12.55226
        -0.05577        12.46555
        -0.05437        12.37842
        -0.05297        12.29044
        -0.05157        12.20115
        -0.05018        12.11004
        -0.04878        12.01658
        -0.04738        11.92021
        -0.04598        11.82033
        -0.04458        11.71634
        -0.04318        11.60764
        -0.04178        11.49359
        -0.04038        11.37359
        -0.03898        11.24703
        -0.03759        11.11334
        -0.03619        10.97197
        -0.03479        10.82239
        -0.03339        10.66416
        -0.03199        10.49686
        -0.03059        10.32016
        -0.02919        10.13379
        -0.02779         9.93757
        -0.02639         9.73141
        -0.02500         9.51532
        -0.02360         9.28940
        -0.02220         9.05387
        -0.02080         8.80905
        -0.01940         8.55536
        -0.01800         8.29334
        -0.01660         8.02364
        -0.01520         7.74700
        -0.01381         7.46426
        -0.01241         7.17636
        -0.01101         6.88429
        -0.00961         6.58913
        -0.00821         6.29202
        -0.00681         5.99414
        -0.00541         5.69670
        -0.00401         5.40091
        -0.00261         5.10800
        -0.00122         4.81919
         0.00018         4.53566
         0.00158         4.25856
         0.00298         3.98895
         0.00438         3.72787
         0.00578         3.47624
         0.00718         3.23491
         0.00858         3.00463
         0.00998         2.78603
         0.01137         2.57964
         0.01277         2.38588
         0.01417         2.20503
         0.01557         2.03729
         0.01697         1.88272
         0.01837         1.74127
         0.01977         1.61279
         0.02117         1.49704
         0.02257         1.39368
         0.02396         1.30229
         0.02536         1.22238
         0.02676         1.15340
         0.02816         1.09475
         0.02956         1.04578
         0.03096         1.00583
         0.03236         0.97421
         0.03376         0.95022
         0.03515         0.93317
         0.03655         0.92238
         0.03795         0.91719
         0.03935         0.91696
         0.04075         0.92110
         0.04215         0.92903
         0.04355         0.94024
         0.04495         0.95426
         0.04635         0.97066
         0.04774         0.98906
         0.04914         1.00915
         0.05054         1.03064
         0.05194         1.05331
         0.05334         1.07699
         0.05474         1.10154
         0.05614         1.12687
         0.05754         1.15294
         0.05894         1.17972
         0.06033         1.20725
         0.06173         1.23558
         0.06313         1.26477
         0.06453         1.29493
         0.06593         1.32619
         0.06733         1.35869
         0.06873         1.39257
         0.07013         1.42801
         0.07153         1.46517
         0.07292         1.50425
         0.07432         1.54543
         0.07572         1.58889
         0.07712         1.63485
         0.07852         1.68348
         0.07992         1.73498
         0.08132         1.78955
         0.08272         1.84736
         0.08411         1.90862
         0.08551         1.97349
         0.08691         2.04214
         0.08831         2.11476
         0.08971         2.19148
         0.09111         2.27247
         0.09251         2.35786
         0.09391         2.44778
         0.09531         2.54235
         0.09670         2.64166
         0.09810         2.74581
         0.09950         2.85486
         0.10090         2.96888
         0.10230         3.08789
         0.10370         3.21192
         0.10510         3.34095
         0.10650         3.47496
         0.10790         3.61390
         0.10929         3.75770
         0.11069         3.90626
         0.11209         4.05947
         0.11349         4.21717
         0.11489         4.37920
         0.11629         4.54539
         0.11769         4.71551
         0.11909         4.88935
         0.12049         5.06666
         0.12188         5.24719
         0.12328         5.43068
         0.12468         5.61686
         0.12608         5.80546
         0.12748         5.99622
         0.12888         6.18889
         0.13028         6.38322
         0.13168         6.57900
         0.13307         6.77604
         0.13447         6.97418
         0.13587         7.17330
         0.13727         7.37333
         0.13867         7.57424
         0.14007         7.77608
         0.14147         7.97892
         0.14287         8.18292
         0.14427         8.38830
         0.14566         8.59535
         0.14706         8.80441
         0.14846         9.01589
         0.14986         9.23029
         0.15126         9.44811
         0.15266         9.66995
         0.15406         9.89642
         0.15546        10.12818
         0.15686        10.36590
         0.15825        10.61026
         0.15965        10.86193
         0.16105        11.12156
         0.16245        11.38976
         0.16385        11.66706
         0.16525        11.95395
         0.16665        12.25080
         0.16805        12.55787
         0.16945        12.87528
         0.17084        13.20302
         0.17224        13.54089
         0.17364        13.88852
         0.17504        14.24535
         0.17644        14.61062
         0.17784        14.98333
         0.17924        15.36229
         0.18064        15.74609
         0.18203        16.13308
         0.18343        16.52141
         0.18483        16.90904
         0.18623        17.29372
         0.18763        17.67302
         0.18903        18.04438
         0.19043        18.40509
         0.19183        18.75233
         0.19323        19.08321
         0.19462        19.39480
         0.19602        19.68415
         0.19742        19.94833
         0.19882        20.18450
         0.20022        20.38987
         0.20162        20.56183
         0.20302        20.69791
         0.20442        20.79586
         0.20582        20.85367
         0.20721        20.86961
         0.20861        20.84222
         0.21001        20.77038
         0.21141        20.65332
         0.21281        20.49063
         0.21421        20.28224
         0.21561        20.02850
         0.21701        19.73012
         0.21841        19.38819
         0.21980        19.00415
         0.22120        18.57982
         0.22260        18.11736
         0.22400        17.61921
         0.22540        17.08814
         0.22680        16.52714
         0.22820        15.93944
         0.22960        15.32845
         0.23099        14.69775
         0.23239        14.05100
         0.23379        13.39192
         0.23519        12.72430
         0.23659        12.05186
         0.23799        11.37829
         0.23939        10.70719
         0.24079        10.04202
         0.24219         9.38608
         0.24358         8.74246
         0.24498         8.11404
         0.24638         7.50346
         0.24778         6.91309
         0.24918         6.34500
         0.25058         5.80100
         0.25198         5.28258
         0.25338         4.79095
         0.25478         4.32700
         0.25617         3.89135
         0.25757         3.48432
         0.25897         3.10598
         0.26037         2.75613
         0.26177         2.43435
         0.26317         2.13999
         0.26457         1.87221
         0.26597         1.63002
         0.26737         1.41228
         0.26876         1.21771
         0.27016         1.04497
         0.27156         0.89261
         0.27296         0.75918
         0.27436         0.64315
         0.27576         0.54304
         0.27716         0.45736
         0.27856         0.38464
         0.27995         0.32347
         0.28135         0.27252
         0.28275         0.23049
         0.28415         0.19619
         0.28555         0.16851
         0.28695         0.14643
         0.28835         0.12902
         0.28975         0.11544
         0.29115         0.10497
         0.29254         0.09694
         0.29394         0.09080
         0.29534         0.08609
         0.29674         0.08239
         0.29814         0.07940
         0.29954         0.07685
         0.30094         0.07456
         0.30234         0.07239
         0.30374         0.07026
         0.30513         0.06812
         0.30653         0.06597
         0.30793         0.06384
         0.30933         0.06179
         0.31073         0.05991
         0.31213         0.05831
         0.31353         0.05712
         0.31493         0.05648
         0.31633         0.05656
         0.31772         0.05753
         0.31912         0.05958
         0.32052         0.06292
         0.32192         0.06777
         0.32332         0.07436
         0.32472         0.08293
         0.32612         0.09373
         0.32752         0.10705
         0.32891         0.12316
         0.33031         0.14235
         0.33171         0.16493
         0.33311         0.19122
         0.33451         0.22155
         0.33591         0.25624
         0.33731         0.29565
         0.33871         0.34010
         0.34011         0.38996
         0.34150         0.44556
         0.34290         0.50726
         0.34430         0.57538
         0.34570         0.65026
         0.34710         0.73220
         0.34850         0.82151
         0.34990         0.91846
         0.35130         1.02332
         0.35270         1.13631
         0.35409         1.25762
         0.35549         1.38744
         0.35689         1.52589
         0.35829         1.67306
         0.35969         1.82902
         0.36109         1.99377
         0.36249         2.16728
         0.36389         2.34947
         0.36529         2.54023
         0.36668         2.73938
         0.36808         2.94669
         0.36948         3.16191
         0.37088         3.38472
         0.37228         3.61477
         0.37368         3.85164
         0.37508         4.09489
         0.37648         4.34403
         0.37787         4.59854
         0.37927         4.85786
         0.38067         5.12140
         0.38207         5.38853
         0.38347         5.65862
         0.38487         5.93101
         0.38627         6.20501
         0.38767         6.47994
         0.38907         6.75512
         0.39046         7.02985
         0.39186         7.30346
         0.39326         7.57527
         0.39466         7.84462
         0.39606         8.11090
         0.39746         8.37348
         0.39886         8.63181
         0.40026         8.88533
         0.40166         9.13356
         0.40305         9.37603
         0.40445         9.61233
         0.40585         9.84210
         0.40725        10.06502
         0.40865        10.28084
         0.41005        10.48932
         0.41145        10.69031
         0.41285        10.88368
         0.41425        11.06937
         0.41564        11.24733
         0.41704        11.41758
         0.41844        11.58015
         0.41984        11.73513
         0.42124        11.88260
         0.42264        12.02269
         0.42404        12.15553
         0.42544        12.28126
         0.42684        12.40002
         0.42823        12.51196
         0.42963        12.61720
         0.43103        12.71587
         0.43243        12.80806
         0.43383        12.89386
         0.43523        12.97331
         0.43663        13.04643
         0.43803        13.11322
         0.43942        13.17364
         0.44082        13.22760
         0.44222        13.27500
         0.44362        13.31569
         0.44502        13.34951
         0.44642        13.37627
         0.44782        13.39574
         0.44922        13.40769
         0.45062        13.41187
         0.45201        13.40802
         0.45341        13.39590
         0.45481        13.37525
         0.45621        13.34585
         0.45761        13.30746
         0.45901        13.25991
         0.46041        13.20304
         0.46181        13.13673
         0.46321        13.06091
         0.46460        12.97556
         0.46600        12.88070
         0.46740        12.77644
         0.46880        12.66290
         0.47020        12.54032
         0.47160        12.40894
         0.47300        12.26912
         0.47440        12.12123
         0.47580        11.96573
         0.47719        11.80312
         0.47859        11.63395
         0.47999        11.45882
         0.48139        11.27837
         0.48279        11.09325
         0.48419        10.90416
         0.48559        10.71182
         0.48699        10.51692
         0.48838        10.32021
         0.48978        10.12239
         0.49118         9.92416
         0.49258         9.72620
         0.49398         9.52917
         0.49538         9.33369
         0.49678         9.14033
         0.49818         8.94964
         0.49958         8.76210
         0.50097         8.57816
         0.50237         8.39819
         0.50377         8.22254
         0.50517         8.05146
         0.50657         7.88519
         0.50797         7.72388
         0.50937         7.56767
         0.51077         7.41660
         0.51217         7.27071
         0.51356         7.12997
         0.51496         6.99433
         0.51636         6.86370
         0.51776         6.73796
         0.51916         6.61698
         0.52056         6.50061
         0.52196         6.38867
         0.52336         6.28101
         0.52476         6.17744
         0.52615         6.07779
         0.52755         5.98191
         0.52895         5.88963
         0.53035         5.80082
         0.53175         5.71535
         0.53315         5.63311
         0.53455         5.55401
         0.53595         5.47797
         0.53734         5.40493
         0.53874         5.33485
         0.54014         5.26771
         0.54154         5.20351
         0.54294         5.14224
         0.54434         5.08392
         0.54574         5.02857
         0.54714         4.97623
         0.54854         4.92691
         0.54993         4.88067
         0.55133         4.83752
         0.55273         4.79749
         0.55413         4.76061
         0.55553         4.72688
         0.55693         4.69631
         0.55833         4.66889
         0.55973         4.64459
         0.56113         4.62338
         0.56252         4.60522
         0.56392         4.59003
         0.56532         4.57774
         0.56672         4.56827
         0.56812         4.56152
         0.56952         4.55738
         0.57092         4.55573
         0.57232         4.55644
         0.57372         4.55939
         0.57511         4.56443
         0.57651         4.57143
         0.57791         4.58025
         0.57931         4.59075
         0.58071         4.60280
         0.58211         4.61626
         0.58351         4.63101
         0.58491         4.64692
         0.58630         4.66387
         0.58770         4.68175
         0.58910         4.70046
         0.59050         4.71991
         0.59190         4.74000
         0.59330         4.76065
         0.59470         4.78178
         0.59610         4.80333
         0.59750         4.82522
         0.59889         4.84738
         0.60029         4.86978
         0.60169         4.89233
         0.60309         4.91500
         0.60449         4.93772
         0.60589         4.96045
         0.60729         4.98313
         0.60869         5.00571
         0.61009         5.02814
         0.61148         5.05037
         0.61288         5.07234
         0.61428         5.09401
         0.61568         5.11531
         0.61708         5.13622
         0.61848         5.15666
         0.61988         5.17661
         0.62128         5.19602
         0.62268         5.21486
         0.62407         5.23308
         0.62547         5.25068
         0.62687         5.26762
         0.62827         5.28390
         0.62967         5.29952
         0.63107         5.31448
         0.63247         5.32878
         0.63387         5.34247
         0.63526         5.35555
         0.63666         5.36808
         0.63806         5.38009
         0.63946         5.39163
         0.64086         5.40278
         0.64226         5.41357
         0.64366         5.42409
         0.64506         5.43440
         0.64646         5.44457
         0.64785         5.45466
         0.64925         5.46474
         0.65065         5.47488
         0.65205         5.48513
         0.65345         5.49554
         0.65485         5.50616
         0.65625         5.51703
         0.65765         5.52816
         0.65905         5.53959
         0.66044         5.55132
         0.66184         5.56334
         0.66324         5.57564
         0.66464         5.58820
         0.66604         5.60099
         0.66744         5.61396
         0.66884         5.62706
         0.67024         5.64024
         0.67164         5.65343
         0.67303         5.66656
         0.67443         5.67957
         0.67583         5.69236
         0.67723         5.70488
         0.67863         5.71705
         0.68003         5.72879
         0.68143         5.74003
         0.68283         5.75071
         0.68422         5.76078
         0.68562         5.77016
         0.68702         5.77883
         0.68842         5.78675
         0.68982         5.79387
         0.69122         5.80018
         0.69262         5.80567
         0.69402         5.81032
         0.69542         5.81414
         0.69681         5.81713
         0.69821         5.81931
         0.69961         5.82069
         0.70101         5.82128
         0.70241         5.82112
         0.70381         5.82022
         0.70521         5.81860
         0.70661         5.81629
         0.70801         5.81330
         0.70940         5.80966
         0.71080         5.80536
         0.71220         5.80042
         0.71360         5.79483
         0.71500         5.78858
         0.71640         5.78167
         0.71780         5.77407
         0.71920         5.76575
         0.72060         5.75669
         0.72199         5.74684
         0.72339         5.73616
         0.72479         5.72460
         0.72619         5.71212
         0.72759         5.69865
         0.72899         5.68417
         0.73039         5.66860
         0.73179         5.65192
         0.73318         5.63409
         0.73458         5.61506
         0.73598         5.59482
         0.73738         5.57335
         0.73878         5.55066
         0.74018         5.52675
         0.74158         5.50165
         0.74298         5.47540
         0.74438         5.44806
         0.74577         5.41971
         0.74717         5.39043
         0.74857         5.36034
         0.74997         5.32956
         0.75137         5.29823
         0.75277         5.26652
         0.75417         5.23459
         0.75557         5.20264
         0.75697         5.17086
         0.75836         5.13946
         0.75976         5.10867
         0.76116         5.07871
         0.76256         5.04981
         0.76396         5.02220
         0.76536         4.99611
         0.76676         4.97177
         0.76816         4.94941
         0.76956         4.92923
         0.77095         4.91146
         0.77235         4.89626
         0.77375         4.88383
         0.77515         4.87433
         0.77655         4.86789
         0.77795         4.86463
         0.77935         4.86465
         0.78075         4.86803
         0.78214         4.87482
         0.78354         4.88504
         0.78494         4.89869
         0.78634         4.91575
         0.78774         4.93617
         0.78914         4.95987
         0.79054         4.98675
         0.79194         5.01670
         0.79334         5.04957
         0.79473         5.08521
         0.79613         5.12343
         0.79753         5.16405
         0.79893         5.20687
         0.80033         5.25166
         0.80173         5.29820
         0.80313         5.34628
         0.80453         5.39565
         0.80593         5.44609
         0.80732         5.49738
         0.80872         5.54929
         0.81012         5.60161
         0.81152         5.65413
         0.81292         5.70667
         0.81432         5.75905
         0.81572         5.81110
         0.81712         5.86269
         0.81852         5.91367
         0.81991         5.96395
         0.82131         6.01343
         0.82271         6.06204
         0.82411         6.10972
         0.82551         6.15645
         0.82691         6.20219
         0.82831         6.24696
         0.82971         6.29076
         0.83110         6.33362
         0.83250         6.37559
         0.83390         6.41671
         0.83530         6.45704
         0.83670         6.49665
         0.83810         6.53562
         0.83950         6.57401
         0.84090         6.61190
         0.84230         6.64937
         0.84369         6.68648
         0.84509         6.72330
         0.84649         6.75991
         0.84789         6.79634
         0.84929         6.83265
         0.85069         6.86888
         0.85209         6.90506
         0.85349         6.94120
         0.85489         6.97732
         0.85628         7.01342
         0.85768         7.04948
         0.85908         7.08549
         0.86048         7.12142
         0.86188         7.15724
         0.86328         7.19291
         0.86468         7.22839
         0.86608         7.26363
         0.86748         7.29858
         0.86887         7.33319
         0.87027         7.36741
         0.87167         7.40120
         0.87307         7.43451
         0.87447         7.46730
         0.87587         7.49955
         0.87727         7.53122
         0.87867         7.56230
         0.88006         7.59279
         0.88146         7.62268
         0.88286         7.65198
         0.88426         7.68072
         0.88566         7.70893
         0.88706         7.73665
         0.88846         7.76393
         0.88986         7.79084
         0.89126         7.81744
         0.89265         7.84383
         0.89405         7.87008
         0.89545         7.89629
         0.89685         7.92257
         0.89825         7.94902
         0.89965         7.97576
         0.90105         8.00290
         0.90245         8.03056
         0.90385         8.05887
         0.90524         8.08795
         0.90664         8.11793
         0.90804         8.14892
         0.90944         8.18105
         0.91084         8.21445
         0.91224         8.24923
         0.91364         8.28551
         0.91504         8.32342
         0.91644         8.36305
         0.91783         8.40452
         0.91923         8.44794
         0.92063         8.49339
         0.92203         8.54098
         0.92343         8.59080
         0.92483         8.64292
         0.92623         8.69742
         0.92763         8.75436
         0.92902         8.81381
         0.93042         8.87581
         0.93182         8.94040
         0.93322         9.00760
         0.93462         9.07743
         0.93602         9.14989
         0.93742         9.22497
         0.93882         9.30262
         0.94022         9.38281
         0.94161         9.46547
         0.94301         9.55051
         0.94441         9.63783
         0.94581         9.72730
         0.94721         9.81879
         0.94861         9.91211
         0.95001        10.00708
         0.95141        10.10350
         0.95281        10.20113
         0.95420        10.29973
         0.95560        10.39902
         0.95700        10.49873
         0.95840        10.59856
         0.95980        10.69820
         0.96120        10.79733
         0.96260        10.89561
         0.96400        10.99273
         0.96540        11.08835
         0.96679        11.18214
         0.96819        11.27379
         0.96959        11.36298
         0.97099        11.44943
         0.97239        11.53287
         0.97379        11.61304
         0.97519        11.68972
         0.97659        11.76274
         0.97798        11.83193
         0.97938        11.89718
         0.98078        11.95843
         0.98218        12.01564
         0.98358        12.06884
         0.98498        12.11809
         0.98638        12.16351
         0.98778        12.20527
         0.98918        12.24358
         0.99057        12.27872
         0.99197        12.31098
         0.99337        12.34073
         0.99477        12.36837
         0.99617        12.39433
         0.99757        12.41908
         0.99897        12.44312
         1.00037        12.46698
         1.00177        12.49121
         1.00316        12.51635
         1.00456        12.54296
         1.00596        12.57162
         1.00736        12.60287
         1.00876        12.63725
         1.01016        12.67529
         1.01156        12.71747
         1.01296        12.76425
         1.01436        12.81606
         1.01575        12.87325
         1.01715        12.93616
         1.01855        13.00504
         1.01995        13.08011
         1.02135        13.16151
         1.02275        13.24931
         1.02415        13.34355
         1.02555        13.44415
         1.02695        13.55101
         1.02834        13.66395
         1.02974        13.78272
         1.03114        13.90702
         1.03254        14.03649
         1.03394        14.17074
         1.03534        14.30932
         1.03674        14.45174
         1.03814        14.59750
         1.03953        14.74606
         1.04093        14.89688
         1.04233        15.04942
         1.04373        15.20312
         1.04513        15.35747
         1.04653        15.51196
         1.04793        15.66610
         1.04933        15.81947
         1.05073        15.97167
         1.05212        16.12235
         1.05352        16.27124
         1.05492        16.41811
         1.05632        16.56281
         1.05772        16.70523
         1.05912        16.84538
         1.06052        16.98327
         1.06192        17.11903
         1.06332        17.25283
         1.06471        17.38488
         1.06611        17.51548
         1.06751        17.64493
         1.06891        17.77360
         1.07031        17.90185
         1.07171        18.03009
         1.07311        18.15869
         1.07451        18.28805
         1.07591        18.41851
         1.07730        18.55040
         1.07870        18.68399
         1.08010        18.81949
         1.08150        18.95703
         1.08290        19.09667
         1.08430        19.23837
         1.08570        19.38198
         1.08710        19.52724
         1.08849        19.67379
         1.08989        19.82113
         1.09129        19.96866
         1.09269        20.11563
         1.09409        20.26121
         1.09549        20.40441
         1.09689        20.54419
         1.09829        20.67935
         1.09969        20.80866
         1.10108        20.93077
         1.10248        21.04430
         1.10388        21.14783
         1.10528        21.23988
         1.10668        21.31901
         1.10808        21.38375
         1.10948        21.43270
         1.11088        21.46449
         1.11228        21.47783
         1.11367        21.47152
         1.11507        21.44447
         1.11647        21.39573
         1.11787        21.32449
         1.11927        21.23008
         1.12067        21.11202
         1.12207        20.97000
         1.12347        20.80392
         1.12487        20.61384
         1.12626        20.40003
         1.12766        20.16297
         1.12906        19.90330
         1.13046        19.62187
         1.13186        19.31970
         1.13326        18.99796
         1.13466        18.65801
         1.13606        18.30132
         1.13745        17.92947
         1.13885        17.54417
         1.14025        17.14720
         1.14165        16.74039
         1.14305        16.32563
         1.14445        15.90482
         1.14585        15.47985
         1.14725        15.05259
         1.14865        14.62488
         1.15004        14.19847
         1.15144        13.77506
         1.15284        13.35623
         1.15424        12.94346
         1.15564        12.53810
         1.15704        12.14138
         1.15844        11.75437
         1.15984        11.37802
         1.16124        11.01310
         1.16263        10.66025
         1.16403        10.31995
         1.16543         9.99255
         1.16683         9.67825
         1.16823         9.37711
         1.16963         9.08907
         1.17103         8.81396
         1.17243         8.55150
         1.17383         8.30132
         1.17522         8.06298
         1.17662         7.83597
         1.17802         7.61971
         1.17942         7.41360
         1.18082         7.21701
         1.18222         7.02929
         1.18362         6.84979
         1.18502         6.67787
         1.18641         6.51291
         1.18781         6.35431
         1.18921         6.20150
         1.19061         6.05396
         1.19201         5.91120
         1.19341         5.77281
         1.19481         5.63839
         1.19621         5.50763
         1.19761         5.38024
         1.19900         5.25601
         1.20040         5.13476
         1.20180         5.01637
         1.20320         4.90076
         1.20460         4.78789
         1.20600         4.67776
         1.20740         4.57041
         1.20880         4.46589
         1.21020         4.36428
         1.21159         4.26569
         1.21299         4.17022
         1.21439         4.07800
         1.21579         3.98915
         1.21719         3.90380
         1.21859         3.82208
         1.21999         3.74410
         1.22139         3.66997
         1.22279         3.59979
         1.22418         3.53366
         1.22558         3.47165
         1.22698         3.41382
         1.22838         3.36022
         1.22978         3.31090
         1.23118         3.26589
         1.23258         3.22520
         1.23398         3.18885
         1.23537         3.15685
         1.23677         3.12920
         1.23817         3.10591
         1.23957         3.08699
         1.24097         3.07245
         1.24237         3.06231
         1.24377         3.05661
         1.24517         3.05540
         1.24657         3.05874
         1.24796         3.06673
         1.24936         3.07946
         1.25076         3.09706
         1.25216         3.11970
         1.25356         3.14755
         1.25496         3.18081
         1.25636         3.21972
         1.25776         3.26453
         1.25916         3.31552
         1.26055         3.37299
         1.26195         3.43726
         1.26335         3.50866
         1.26475         3.58753
         1.26615         3.67424
         1.26755         3.76913
         1.26895         3.87256
         1.27035         3.98489
         1.27175         4.10644
         1.27314         4.23753
         1.27454         4.37847
         1.27594         4.52951
         1.27734         4.69089
         1.27874         4.86281
         1.28014         5.04543
         1.28154         5.23884
         1.28294         5.44311
         1.28433         5.65826
         1.28573         5.88424
         1.28713         6.12096
         1.28853         6.36830
         1.28993         6.62606
         1.29133         6.89401
         1.29273         7.17188
         1.29413         7.45938
         1.29553         7.75616
         1.29692         8.06187
         1.29832         8.37614
         1.29972         8.69858
         1.30112         9.02882
         1.30252         9.36648
         1.30392         9.71120
         1.30532        10.06263
         1.30672        10.42046
         1.30812        10.78441
         1.30951        11.15423
         1.31091        11.52971
         1.31231        11.91068
         1.31371        12.29701
         1.31511        12.68860
         1.31651        13.08541
         1.31791        13.48740
         1.31931        13.89457
         1.32071        14.30691
         1.32210        14.72445
         1.32350        15.14718
         1.32490        15.57508
         1.32630        16.00811
         1.32770        16.44614
         1.32910        16.88902
         1.33050        17.33650
         1.33190        17.78824
         1.33329        18.24380
         1.33469        18.70261
         1.33609        19.16398
         1.33749        19.62707
         1.33889        20.09092
         1.34029        20.55440
         1.34169        21.01623
         1.34309        21.47497
         1.34449        21.92906
         1.34588        22.37679
         1.34728        22.81630
         1.34868        23.24566
         1.35008        23.66279
         1.35148        24.06556
         1.35288        24.45179
         1.35428        24.81925
         1.35568        25.16571
         1.35708        25.48896
         1.35847        25.78684
         1.35987        26.05726
         1.36127        26.29826
         1.36267        26.50801
         1.36407        26.68483
         1.36547        26.82726
         1.36687        26.93403
         1.36827        27.00412
         1.36967        27.03678
         1.37106        27.03153
         1.37246        26.98817
         1.37386        26.90680
         1.37526        26.78783
         1.37666        26.63196
         1.37806        26.44019
         1.37946        26.21384
         1.38086        25.95446
         1.38225        25.66390
         1.38365        25.34425
         1.38505        24.99782
         1.38645        24.62710
         1.38785        24.23478
         1.38925        23.82366
         1.39065        23.39667
         1.39205        22.95681
         1.39345        22.50710
         1.39484        22.05061
         1.39624        21.59034
         1.39764        21.12927
         1.39904        20.67029
         1.40044        20.21615
         1.40184        19.76948
         1.40324        19.33276
         1.40464        18.90825
         1.40604        18.49804
         1.40743        18.10398
         1.40883        17.72771
         1.41023        17.37063
         1.41163        17.03390
         1.41303        16.71843
         1.41443        16.42491
         1.41583        16.15378
         1.41723        15.90526
         1.41863        15.67936
         1.42002        15.47588
         1.42142        15.29443
         1.42282        15.13446
         1.42422        14.99523
         1.42562        14.87591
         1.42702        14.77551
         1.42842        14.69296
         1.42982        14.62710
         1.43121        14.57670
         1.43261        14.54049
         1.43401        14.51717
         1.43541        14.50542
         1.43681        14.50394
         1.43821        14.51141
         1.43961        14.52657
         1.44101        14.54818
         1.44241        14.57504
         1.44380        14.60602
         1.44520        14.64004
         1.44660        14.67609
         1.44800        14.71322
         1.44940        14.75056
         1.45080        14.78730
         1.45220        14.82273
         1.45360        14.85617
         1.45500        14.88703
         1.45639        14.91479
         1.45779        14.93899
         1.45919        14.95921
         1.46059        14.97511
         1.46199        14.98639
         1.46339        14.99278
         1.46479        14.99408
         1.46619        14.99010
         1.46759        14.98069
         1.46898        14.96573
         1.47038        14.94511
         1.47178        14.91876
         1.47318        14.88660
         1.47458        14.84858
         1.47598        14.80463
         1.47738        14.75474
         1.47878        14.69884
         1.48017        14.63691
         1.48157        14.56891
         1.48297        14.49482
         1.48437        14.41460
         1.48577        14.32824
         1.48717        14.23570
         1.48857        14.13699
         1.48997        14.03210
         1.49137        13.92103
         1.49276        13.80381
         1.49416        13.68049
         1.49556        13.55111
         1.49696        13.41578
         1.49836        13.27460
         1.49976        13.12771
         1.50116        12.97529
         1.50256        12.81757
         1.50396        12.65478
         1.50535        12.48724
         1.50675        12.31527
         1.50815        12.13926
         1.50955        11.95963
         1.51095        11.77687
         1.51235        11.59148
         1.51375        11.40403
         1.51515        11.21511
         1.51655        11.02537
         1.51794        10.83548
         1.51934        10.64614
         1.52074        10.45808
         1.52214        10.27205
         1.52354        10.08881
         1.52494         9.90915
         1.52634         9.73382
         1.52774         9.56361
         1.52913         9.39928
         1.53053         9.24157
         1.53193         9.09120
         1.53333         8.94887
         1.53473         8.81521
         1.53613         8.69086
         1.53753         8.57636
         1.53893         8.47223
         1.54033         8.37893
         1.54172         8.29684
         1.54312         8.22631
         1.54452         8.16759
         1.54592         8.12088
         1.54732         8.08632
         1.54872         8.06396
         1.55012         8.05381
         1.55152         8.05578
         1.55292         8.06975
         1.55431         8.09551
         1.55571         8.13281
         1.55711         8.18133
         1.55851         8.24071
         1.55991         8.31053
         1.56131         8.39035
         1.56271         8.47966
         1.56411         8.57793
         1.56551         8.68460
         1.56690         8.79911
         1.56830         8.92084
         1.56970         9.04918
         1.57110         9.18352
         1.57250         9.32323
         1.57390         9.46769
         1.57530         9.61628
         1.57670         9.76840
         1.57810         9.92347
         1.57949        10.08091
         1.58089        10.24018
         1.58229        10.40075
         1.58369        10.56214
         1.58509        10.72388
         1.58649        10.88555
         1.58789        11.04675
         1.58929        11.20711
         1.59068        11.36632
         1.59208        11.52408
         1.59348        11.68014
         1.59488        11.83427
         1.59628        11.98628
         1.59768        12.13599
         1.59908        12.28328
         1.60048        12.42801
         1.60188        12.57008
         1.60327        12.70939
         1.60467        12.84587
         1.60607        12.97942
         1.60747        13.10996
         1.60887        13.23740
         1.61027        13.36164
         1.61167        13.48254
         1.61307        13.59996
         1.61447        13.71373
         1.61586        13.82366
         1.61726        13.92950
         1.61866        14.03099
         1.62006        14.12783
         1.62146        14.21969
         1.62286        14.30618
         1.62426        14.38691
         1.62566        14.46144
         1.62706        14.52931
         1.62845        14.59002
         1.62985        14.64309
         1.63125        14.68799
         1.63265        14.72422
         1.63405        14.75125
         1.63545        14.76860
         1.63685        14.77577
         1.63825        14.77233
         1.63964        14.75784
         1.64104        14.73196
         1.64244        14.69434
         1.64384        14.64474
         1.64524        14.58295
         1.64664        14.50885
         1.64804        14.42238
         1.64944        14.32356
         1.65084        14.21248
         1.65223        14.08933
         1.65363        13.95435
         1.65503        13.80785
         1.65643        13.65024
         1.65783        13.48196
         1.65923        13.30353
         1.66063        13.11549
         1.66203        12.91847
         1.66343        12.71309
         1.66482        12.50001
         1.66622        12.27991
         1.66762        12.05347
         1.66902        11.82137
         1.67042        11.58428
         1.67182        11.34285
         1.67322        11.09768
         1.67462        10.84939
         1.67602        10.59850
         1.67741        10.34554
         1.67881        10.09097
         1.68021         9.83521
         1.68161         9.57864
         1.68301         9.32157
         1.68441         9.06432
         1.68581         8.80712
         1.68721         8.55021
         1.68860         8.29376
         1.69000         8.03796
         1.69140         7.78296
         1.69280         7.52892
         1.69420         7.27597
         1.69560         7.02428
         1.69700         6.77401
         1.69840         6.52534
         1.69980         6.27849
         1.70119         6.03368
         1.70259         5.79119
         1.70399         5.55130
         1.70539         5.31433
         1.70679         5.08066
         1.70819         4.85067
         1.70959         4.62477
         1.71099         4.40340
         1.71239         4.18701
         1.71378         3.97608
         1.71518         3.77108
         1.71658         3.57249
         1.71798         3.38076
         1.71938         3.19634
         1.72078         3.01965
         1.72218         2.85110
         1.72358         2.69103
         1.72498         2.53975
         1.72637         2.39752
         1.72777         2.26455
         1.72917         2.14097
         1.73057         2.02688
         1.73197         1.92229
         1.73337         1.82716
         1.73477         1.74137
         1.73617         1.66477
         1.73756         1.59712
         1.73896         1.53813
         1.74036         1.48747
         1.74176         1.44476
         1.74316         1.40956
         1.74456         1.38142
         1.74596         1.35985
         1.74736         1.34433
         1.74876         1.33435
         1.75015         1.32936
         1.75155         1.32882
         1.75295         1.33221
         1.75435         1.33898
         1.75575         1.34864
         1.75715         1.36067
         1.75855         1.37462
         1.75995         1.39003
         1.76135         1.40648
         1.76274         1.42358
         1.76414         1.44098
         1.76554         1.45836
         1.76694         1.47541
         1.76834         1.49190
         1.76974         1.50759
         1.77114         1.52229
         1.77254         1.53586
         1.77394         1.54816
         1.77533         1.55910
         1.77673         1.56861
         1.77813         1.57665
         1.77953         1.58321
         1.78093         1.58829
         1.78233         1.59193
         1.78373         1.59418
         1.78513         1.59510
         1.78652         1.59478
         1.78792         1.59333
         1.78932         1.59085
         1.79072         1.58746
         1.79212         1.58331
         1.79352         1.57852
         1.79492         1.57325
         1.79632         1.56765
         1.79772         1.56185
         1.79911         1.55602
         1.80051         1.55030
         1.80191         1.54483
         1.80331         1.53975
         1.80471         1.53519
         1.80611         1.53127
         1.80751         1.52810
         1.80891         1.52578
         1.81031         1.52441
         1.81170         1.52406
         1.81310         1.52479
         1.81450         1.52666
         1.81590         1.52971
         1.81730         1.53396
         1.81870         1.53943
         1.82010         1.54613
         1.82150         1.55405
         1.82290         1.56317
         1.82429         1.57348
         1.82569         1.58493
         1.82709         1.59749
         1.82849         1.61112
         1.82989         1.62577
         1.83129         1.64138
         1.83269         1.65789
         1.83409         1.67525
         1.83548         1.69338
         1.83688         1.71221
         1.83828         1.73169
         1.83968         1.75172
         1.84108         1.77224
         1.84248         1.79316
         1.84388         1.81439
         1.84528         1.83585
         1.84668         1.85744
         1.84807         1.87906
         1.84947         1.90061
         1.85087         1.92198
         1.85227         1.94307
         1.85367         1.96377
         1.85507         1.98395
         1.85647         2.00351
         1.85787         2.02233
         1.85927         2.04029
         1.86066         2.05730
         1.86206         2.07325
         1.86346         2.08805
         1.86486         2.10160
         1.86626         2.11383
         1.86766         2.12468
         1.86906         2.13410
         1.87046         2.14205
         1.87186         2.14852
         1.87325         2.15351
         1.87465         2.15703
         1.87605         2.15913
         1.87745         2.15986
         1.87885         2.15929
         1.88025         2.15750
         1.88165         2.15462
         1.88305         2.15076
         1.88444         2.14605
         1.88584         2.14064
         1.88724         2.13470
         1.88864         2.12837
         1.89004         2.12184
         1.89144         2.11527
         1.89284         2.10884
         1.89424         2.10272
         1.89564         2.09708
         1.89703         2.09208
         1.89843         2.08788
         1.89983         2.08464
         1.90123         2.08247
         1.90263         2.08151
         1.90403         2.08187
         1.90543         2.08365
         1.90683         2.08693
         1.90823         2.09177
         1.90962         2.09822
         1.91102         2.10631
         1.91242         2.11606
         1.91382         2.12747
         1.91522         2.14051
         1.91662         2.15515
         1.91802         2.17133
         1.91942         2.18898
         1.92082         2.20801
         1.92221         2.22832
         1.92361         2.24978
         1.92501         2.27227
         1.92641         2.29564
         1.92781         2.31973
         1.92921         2.34439
         1.93061         2.36944
         1.93201         2.39470
         1.93340         2.41999
         1.93480         2.44514
         1.93620         2.46996
         1.93760         2.49429
         1.93900         2.51795
         1.94040         2.54079
         1.94180         2.56268
         1.94320         2.58347
         1.94460         2.60306
         1.94599         2.62136
         1.94739         2.63830
         1.94879         2.65383
         1.95019         2.66791
         1.95159         2.68055
         1.95299         2.69177
         1.95439         2.70161
         1.95579         2.71014
         1.95719         2.71744
         1.95858         2.72361
         1.95998         2.72877
         1.96138         2.73306
         1.96278         2.73663
         1.96418         2.73961
         1.96558         2.74216
         1.96698         2.74445
         1.96838         2.74662
         1.96978         2.74883
         1.97117         2.75120
         1.97257         2.75386
         1.97397         2.75693
         1.97537         2.76050
         1.97677         2.76464
         1.97817         2.76940
         1.97957         2.77482
         1.98097         2.78091
         1.98236         2.78766
         1.98376         2.79504
         1.98516         2.80300
         1.98656         2.81146
         1.98796         2.82036
         1.98936         2.82958
         1.99076         2.83903
         1.99216         2.84859
         1.99356         2.85815
         1.99495         2.86759
         1.99635         2.87681
         1.99775         2.88571
         1.99915         2.89421
         2.00055         2.90222
         2.00195         2.90972
         2.00335         2.91667
         2.00475         2.92308
         2.00615         2.92898
         2.00754         2.93442
         2.00894         2.93950
         2.01034         2.94434
         2.01174         2.94909
         2.01314         2.95393
         2.01454         2.95905
         2.01594         2.96469
         2.01734         2.97109
         2.01874         2.97848
         2.02013         2.98714
         2.02153         2.99730
         2.02293         3.00921
         2.02433         3.02311
         2.02573         3.03918
         2.02713         3.05760
         2.02853         3.07850
         2.02993         3.10197
         2.03132         3.12803
         2.03272         3.15666
         2.03412         3.18778
         2.03552         3.22124
         2.03692         3.25683
         2.03832         3.29427
         2.03972         3.33325
         2.04112         3.37338
         2.04252         3.41421
         2.04391         3.45528
         2.04531         3.49609
         2.04671         3.53610
         2.04811         3.57479
         2.04951         3.61163
         2.05091         3.64611
         2.05231         3.67773
         2.05371         3.70607
         2.05511         3.73074
         2.05650         3.75141
         2.05790         3.76784
         2.05930         3.77987
         2.06070         3.78742
         2.06210         3.79050
         2.06350         3.78922
         2.06490         3.78379
         2.06630         3.77449
         2.06770         3.76169
         2.06909         3.74583
         2.07049         3.72743
         2.07189         3.70706
         2.07329         3.68530
         2.07469         3.66281
         2.07609         3.64021
         2.07749         3.61816
         2.07889         3.59729
         2.08028         3.57819
         2.08168         3.56144
         2.08308         3.54753
         2.08448         3.53693
         2.08588         3.53002
         2.08728         3.52712
         2.08868         3.52846
         2.09008         3.53422
         2.09148         3.54449
         2.09287         3.55928
         2.09427         3.57854
         2.09567         3.60217
         2.09707         3.63000
         2.09847         3.66181
         2.09987         3.69733
         2.10127         3.73628
         2.10267         3.77834
         2.10407         3.82315
         2.10546         3.87036
         2.10686         3.91959
         2.10826         3.97047
         2.10966         4.02262
         2.11106         4.07566
         2.11246         4.12920
         2.11386         4.18286
         2.11526         4.23627
         2.11666         4.28906
         2.11805         4.34084
         2.11945         4.39127
         2.12085         4.43996
         2.12225         4.48657
         2.12365         4.53074
         2.12505         4.57215
         2.12645         4.61048
         2.12785         4.64543
         2.12924         4.67673
         2.13064         4.70415
         2.13204         4.72748
         2.13344         4.74660
         2.13484         4.76140
         2.13624         4.77185
         2.13764         4.77800
         2.13904         4.77995
         2.14044         4.77789
         2.14183         4.77208
         2.14323         4.76286
         2.14463         4.75064
         2.14603         4.73593
         2.14743         4.71926
         2.14883         4.70126
         2.15023         4.68260
         2.15163         4.66397
         2.15303         4.64611
         2.15442         4.62975
         2.15582         4.61565
         2.15722         4.60453
         2.15862         4.59708
         2.16002         4.59395
         2.16142         4.59575
         2.16282         4.60299
         2.16422         4.61612
         2.16562         4.63549
         2.16701         4.66136
         2.16841         4.69388
         2.16981         4.73310
         2.17121         4.77896
         2.17261         4.83127
         2.17401         4.88978
         2.17541         4.95409
         2.17681         5.02372
         2.17821         5.09811
         2.17960         5.17661
         2.18100         5.25850
         2.18240         5.34298
         2.18380         5.42922
         2.18520         5.51634
         2.18660         5.60343
         2.18800         5.68959
         2.18940         5.77388
         2.19079         5.85540
         2.19219         5.93327
         2.19359         6.00666
         2.19499         6.07477
         2.19639         6.13689
         2.19779         6.19239
         2.19919         6.24072
         2.20059         6.28145
         2.20199         6.31426
         2.20338         6.33895
         2.20478         6.35546
         2.20618         6.36387
         2.20758         6.36439
         2.20898         6.35739
         2.21038         6.34335
         2.21178         6.32290
         2.21318         6.29679
         2.21458         6.26588
         2.21597         6.23113
         2.21737         6.19357
         2.21877         6.15429
         2.22017         6.11442
         2.22157         6.07509
         2.22297         6.03742
         2.22437         6.00249
         2.22577         5.97130
         2.22717         5.94477
         2.22856         5.92369
         2.22996         5.90874
         2.23136         5.90042
         2.23276         5.89907
         2.23416         5.90486
         2.23556         5.91776
         2.23696         5.93756
         2.23836         5.96390
         2.23975         5.99621
         2.24115         6.03379
         2.24255         6.07579
         2.24395         6.12124
         2.24535         6.16910
         2.24675         6.21822
         2.24815         6.26746
         2.24955         6.31564
         2.25095         6.36162
         2.25234         6.40429
         2.25374         6.44262
         2.25514         6.47569
         2.25654         6.50269
         2.25794         6.52296
         2.25934         6.53597
         2.26074         6.54138
         2.26214         6.53900
         2.26354         6.52882
         2.26493         6.51099
         2.26633         6.48583
         2.26773         6.45382
         2.26913         6.41556
         2.27053         6.37178
         2.27193         6.32332
         2.27333         6.27109
         2.27473         6.21608
         2.27613         6.15929
         2.27752         6.10175
         2.27892         6.04449
         2.28032         5.98847
         2.28172         5.93463
         2.28312         5.88382
         2.28452         5.83681
         2.28592         5.79423
         2.28732         5.75664
         2.28871         5.72443
         2.29011         5.69791
         2.29151         5.67722
         2.29291         5.66240
         2.29431         5.65339
         2.29571         5.65001
         2.29711         5.65205
         2.29851         5.65919
         2.29991         5.67114
         2.30130         5.68757
         2.30270         5.70820
         2.30410         5.73282
         2.30550         5.76129
         2.30690         5.79360
         2.30830         5.82985
         2.30970         5.87032
         2.31110         5.91543
         2.31250         5.96577
         2.31389         6.02211
         2.31529         6.08534
         2.31669         6.15650
         2.31809         6.23670
         2.31949         6.32715
         2.32089         6.42906
         2.32229         6.54361
         2.32369         6.67193
         2.32509         6.81501
         2.32648         6.97366
         2.32788         7.14852
         2.32928         7.33992
         2.33068         7.54796
         2.33208         7.77240
         2.33348         8.01270
         2.33488         8.26801
         2.33628         8.53720
         2.33767         8.81883
         2.33907         9.11127
         2.34047         9.41271
         2.34187         9.72118
         2.34327        10.03469
         2.34467        10.35124
         2.34607        10.66889
         2.34747        10.98588
         2.34887        11.30059
         2.35026        11.61169
         2.35166        11.91811
         2.35306        12.21910
         2.35446        12.51420
         2.35586        12.80331
         2.35726        13.08657
         2.35866        13.36441
         2.36006        13.63744
         2.36146        13.90644
         2.36285        14.17225
         2.36425        14.43571
         2.36565        14.69758
         2.36705        14.95845
         2.36845        15.21872
         2.36985        15.47847
         2.37125        15.73745
         2.37265        15.99502
         2.37405        16.25014
         2.37544        16.50137
         2.37684        16.74686
         2.37824        16.98441
         2.37964        17.21148
         2.38104        17.42530
         2.38244        17.62289
         2.38384        17.80117
         2.38524        17.95707
         2.38663        18.08758
         2.38803        18.18989
         2.38943        18.26144
         2.39083        18.30003
         2.39223        18.30391
         2.39363        18.27177
         2.39503        18.20288
         2.39643        18.09707
         2.39783        17.95474
         2.39922        17.77687
         2.40062        17.56503
         2.40202        17.32127
         2.40342        17.04814
         2.40482        16.74860
         2.40622        16.42594
         2.40762        16.08368
         2.40902        15.72553
         2.41042        15.35525
         2.41181        14.97658
         2.41321        14.59318
         2.41461        14.20847
         2.41601        13.82567
         2.41741        13.44764
         2.41881        13.07690
         2.42021        12.71556
         2.42161        12.36531
         2.42301        12.02743
         2.42440        11.70279
         2.42580        11.39187
         2.42720        11.09479
         2.42860        10.81137
         2.43000        10.54114
         2.43140        10.28342
         2.43280        10.03738
         2.43420         9.80203
         2.43559         9.57632
         2.43699         9.35915
         2.43839         9.14940
         2.43979         8.94594
         2.44119         8.74766
         2.44259         8.55344
         2.44399         8.36220
         2.44539         8.17281
         2.44679         7.98417
         2.44818         7.79513
         2.44958         7.60453
         2.45098         7.41118
         2.45238         7.21387
         2.45378         7.01139
         2.45518         6.80255
         2.45658         6.58625
         2.45798         6.36147
         2.45938         6.12736
         2.46077         5.88330
         2.46217         5.62891
         2.46357         5.36416
         2.46497         5.08934
         2.46637         4.80517
         2.46777         4.51275
         2.46917         4.21358
         2.47057         3.90953
         2.47197         3.60284
         2.47336         3.29601
         2.47476         2.99172
         2.47616         2.69281
         2.47756         2.40210
         2.47896         2.12236
         2.48036         1.85615
         2.48176         1.60576
         2.48316         1.37315
         2.48455         1.15983
         2.48595         0.96685
         2.48735         0.79478
         2.48875         0.64367
         2.49015         0.51314
         2.49155         0.40233
         2.49295         0.31003
         2.49435         0.23472
         2.49575         0.17463
         2.49714         0.12790
         2.49854         0.09255
         2.49994         0.06666
         2.50134         0.04840
         2.50274         0.03605
         2.50414         0.02811
         2.50554         0.02330
         2.50694         0.02055
         2.50834         0.01903
         2.50973         0.01812
