        -1.00000         0.00000
        -0.99940         0.00000
        -0.99880         0.00000
        -0.99820         0.00000
        -0.99760         0.00000
        -0.99700         0.00000
        -0.99640         0.00000
        -0.99580         0.00000
        -0.99520         0.00000
        -0.99460         0.00000
        -0.99400         0.00000
        -0.99340         0.00000
        -0.99280         0.00000
        -0.99220         0.00000
        -0.99160         0.00000
        -0.99100         0.00000
        -0.99040         0.00000
        -0.98980         0.00000
        -0.98920         0.00000
        -0.98860         0.00000
        -0.98800         0.00000
        -0.98740         0.00000
        -0.98680         0.00000
        -0.98620         0.00000
        -0.98560         0.00000
        -0.98500         0.00000
        -0.98440         0.00000
        -0.98380         0.00000
        -0.98320         0.00000
        -0.98260         0.00000
        -0.98200         0.00000
        -0.98140         0.00000
        -0.98080         0.00000
        -0.98020         0.00000
        -0.97960         0.00000
        -0.97900         0.00000
        -0.97840         0.00000
        -0.97780         0.00000
        -0.97720         0.00000
        -0.97660         0.00000
        -0.97600         0.00000
        -0.97540         0.00000
        -0.97480         0.00000
        -0.97420         0.00000
        -0.97360         0.00000
        -0.97300         0.00000
        -0.97240         0.00000
        -0.97180         0.00000
        -0.97120         0.00000
        -0.97060         0.00000
        -0.97000         0.00000
        -0.96940         0.00000
        -0.96880         0.00000
        -0.96820         0.00000
        -0.96760         0.00000
        -0.96700         0.00000
        -0.96640         0.00000
        -0.96580         0.00000
        -0.96520         0.00000
        -0.96460         0.00000
        -0.96400         0.00000
        -0.96340         0.00000
        -0.96280         0.00000
        -0.96220         0.00000
        -0.96160         0.00000
        -0.96099         0.00000
        -0.96039         0.00000
        -0.95979         0.00000
        -0.95919         0.00000
        -0.95859         0.00000
        -0.95799         0.00000
        -0.95739         0.00000
        -0.95679         0.00000
        -0.95619         0.00000
        -0.95559         0.00000
        -0.95499         0.00000
        -0.95439         0.00000
        -0.95379         0.00000
        -0.95319         0.00000
        -0.95259         0.00000
        -0.95199         0.00000
        -0.95139         0.00000
        -0.95079         0.00000
        -0.95019         0.00000
        -0.94959         0.00000
        -0.94899         0.00000
        -0.94839         0.00000
        -0.94779         0.00000
        -0.94719         0.00000
        -0.94659         0.00000
        -0.94599         0.00000
        -0.94539         0.00000
        -0.94479         0.00000
        -0.94419         0.00000
        -0.94359         0.00000
        -0.94299         0.00000
        -0.94239         0.00000
        -0.94179         0.00000
        -0.94119         0.00000
        -0.94059         0.00000
        -0.93999         0.00000
        -0.93939         0.00000
        -0.93879         0.00000
        -0.93819         0.00000
        -0.93759         0.00000
        -0.93699         0.00000
        -0.93639         0.00000
        -0.93579         0.00000
        -0.93519         0.00000
        -0.93459         0.00000
        -0.93399         0.00000
        -0.93339         0.00000
        -0.93279         0.00000
        -0.93219         0.00000
        -0.93159         0.00000
        -0.93099         0.00000
        -0.93039         0.00000
        -0.92979         0.00000
        -0.92919         0.00000
        -0.92859         0.00000
        -0.92799         0.00000
        -0.92739         0.00000
        -0.92679         0.00000
        -0.92619         0.00000
        -0.92559         0.00000
        -0.92499         0.00000
        -0.92439         0.00000
        -0.92379         0.00000
        -0.92319         0.00000
        -0.92259         0.00000
        -0.92199         0.00000
        -0.92139         0.00000
        -0.92079         0.00000
        -0.92019         0.00000
        -0.91959         0.00000
        -0.91899         0.00000
        -0.91839         0.00000
        -0.91779         0.00000
        -0.91719         0.00000
        -0.91659         0.00000
        -0.91599         0.00000
        -0.91539         0.00000
        -0.91479         0.00000
        -0.91419         0.00000
        -0.91359         0.00000
        -0.91299         0.00000
        -0.91239         0.00000
        -0.91179         0.00000
        -0.91119         0.00000
        -0.91059         0.00000
        -0.90999         0.00000
        -0.90939         0.00000
        -0.90879         0.00000
        -0.90819         0.00000
        -0.90759         0.00000
        -0.90699         0.00000
        -0.90639         0.00000
        -0.90579         0.00000
        -0.90519         0.00000
        -0.90459         0.00000
        -0.90399         0.00000
        -0.90339         0.00000
        -0.90279         0.00000
        -0.90219         0.00000
        -0.90159         0.00000
        -0.90099         0.00000
        -0.90039         0.00000
        -0.89979         0.00000
        -0.89919         0.00000
        -0.89859         0.00000
        -0.89799         0.00000
        -0.89739         0.00000
        -0.89679         0.00000
        -0.89619         0.00000
        -0.89559         0.00000
        -0.89499         0.00000
        -0.89439         0.00000
        -0.89379         0.00000
        -0.89319         0.00000
        -0.89259         0.00000
        -0.89199         0.00000
        -0.89139         0.00000
        -0.89079         0.00000
        -0.89019         0.00000
        -0.88959         0.00000
        -0.88899         0.00000
        -0.88839         0.00000
        -0.88779         0.00000
        -0.88719         0.00000
        -0.88659         0.00000
        -0.88599         0.00000
        -0.88539         0.00000
        -0.88479         0.00000
        -0.88419         0.00000
        -0.88359         0.00000
        -0.88298         0.00000
        -0.88238         0.00000
        -0.88178         0.00000
        -0.88118         0.00000
        -0.88058         0.00000
        -0.87998         0.00000
        -0.87938         0.00000
        -0.87878         0.00000
        -0.87818         0.00000
        -0.87758         0.00000
        -0.87698         0.00000
        -0.87638         0.00000
        -0.87578         0.00000
        -0.87518         0.00000
        -0.87458         0.00000
        -0.87398         0.00000
        -0.87338         0.00000
        -0.87278         0.00000
        -0.87218         0.00000
        -0.87158         0.00000
        -0.87098         0.00000
        -0.87038         0.00000
        -0.86978         0.00000
        -0.86918         0.00000
        -0.86858         0.00000
        -0.86798         0.00000
        -0.86738         0.00000
        -0.86678         0.00000
        -0.86618         0.00000
        -0.86558         0.00000
        -0.86498         0.00000
        -0.86438         0.00000
        -0.86378         0.00000
        -0.86318         0.00000
        -0.86258         0.00000
        -0.86198         0.00000
        -0.86138         0.00000
        -0.86078         0.00000
        -0.86018         0.00000
        -0.85958         0.00000
        -0.85898         0.00000
        -0.85838         0.00000
        -0.85778         0.00000
        -0.85718         0.00000
        -0.85658         0.00000
        -0.85598         0.00000
        -0.85538         0.00000
        -0.85478         0.00000
        -0.85418         0.00000
        -0.85358         0.00000
        -0.85298         0.00000
        -0.85238         0.00000
        -0.85178         0.00000
        -0.85118         0.00000
        -0.85058         0.00000
        -0.84998         0.00000
        -0.84938         0.00000
        -0.84878         0.00000
        -0.84818         0.00000
        -0.84758         0.00000
        -0.84698         0.00000
        -0.84638         0.00000
        -0.84578         0.00000
        -0.84518         0.00000
        -0.84458         0.00000
        -0.84398         0.00000
        -0.84338         0.00000
        -0.84278         0.00000
        -0.84218         0.00000
        -0.84158         0.00000
        -0.84098         0.00000
        -0.84038         0.00000
        -0.83978         0.00000
        -0.83918         0.00000
        -0.83858         0.00000
        -0.83798         0.00000
        -0.83738         0.00000
        -0.83678         0.00000
        -0.83618         0.00000
        -0.83558         0.00000
        -0.83498         0.00000
        -0.83438         0.00000
        -0.83378         0.00000
        -0.83318         0.00000
        -0.83258         0.00000
        -0.83198         0.00000
        -0.83138         0.00000
        -0.83078         0.00000
        -0.83018         0.00000
        -0.82958         0.00000
        -0.82898         0.00000
        -0.82838         0.00000
        -0.82778         0.00000
        -0.82718         0.00000
        -0.82658         0.00000
        -0.82598         0.00000
        -0.82538         0.00000
        -0.82478         0.00000
        -0.82418         0.00000
        -0.82358         0.00000
        -0.82298         0.00000
        -0.82238         0.00000
        -0.82178         0.00000
        -0.82118         0.00000
        -0.82058         0.00000
        -0.81998         0.00000
        -0.81938         0.00000
        -0.81878         0.00000
        -0.81818         0.00000
        -0.81758         0.00000
        -0.81698         0.00000
        -0.81638         0.00000
        -0.81578         0.00000
        -0.81518         0.00000
        -0.81458         0.00000
        -0.81398         0.00000
        -0.81338         0.00000
        -0.81278         0.00000
        -0.81218         0.00000
        -0.81158         0.00000
        -0.81098         0.00000
        -0.81038         0.00000
        -0.80978         0.00000
        -0.80918         0.00000
        -0.80858         0.00000
        -0.80798         0.00000
        -0.80738         0.00000
        -0.80678         0.00000
        -0.80618         0.00000
        -0.80558         0.00000
        -0.80497         0.00000
        -0.80437         0.00000
        -0.80377         0.00000
        -0.80317         0.00000
        -0.80257         0.00000
        -0.80197         0.00000
        -0.80137         0.00000
        -0.80077         0.00000
        -0.80017         0.00000
        -0.79957         0.00000
        -0.79897         0.00000
        -0.79837         0.00000
        -0.79777         0.00000
        -0.79717         0.00000
        -0.79657         0.00000
        -0.79597         0.00000
        -0.79537         0.00000
        -0.79477         0.00000
        -0.79417         0.00000
        -0.79357         0.00000
        -0.79297         0.00000
        -0.79237         0.00000
        -0.79177         0.00000
        -0.79117         0.00000
        -0.79057         0.00000
        -0.78997         0.00000
        -0.78937         0.00000
        -0.78877         0.00000
        -0.78817         0.00000
        -0.78757         0.00000
        -0.78697         0.00000
        -0.78637         0.00000
        -0.78577         0.00000
        -0.78517         0.00000
        -0.78457         0.00000
        -0.78397         0.00000
        -0.78337         0.00000
        -0.78277         0.00000
        -0.78217         0.00000
        -0.78157         0.00000
        -0.78097         0.00000
        -0.78037         0.00000
        -0.77977         0.00000
        -0.77917         0.00000
        -0.77857         0.00000
        -0.77797         0.00000
        -0.77737         0.00000
        -0.77677         0.00000
        -0.77617         0.00000
        -0.77557         0.00000
        -0.77497         0.00000
        -0.77437         0.00000
        -0.77377         0.00000
        -0.77317         0.00000
        -0.77257         0.00000
        -0.77197         0.00397
        -0.77137         0.00695
        -0.77077         0.01024
        -0.77017         0.01420
        -0.76957         0.01917
        -0.76897         0.02559
        -0.76837         0.03404
        -0.76777         0.04542
        -0.76717         0.06107
        -0.76657         0.08308
        -0.76597         0.11472
        -0.76537         0.16107
        -0.76477         0.22926
        -0.76417         0.32685
        -0.76357         0.45334
        -0.76297         0.58338
        -0.76237         0.66729
        -0.76177         0.67957
        -0.76117         0.64602
        -0.76057         0.60361
        -0.75997         0.57122
        -0.75937         0.55274
        -0.75877         0.54571
        -0.75817         0.54607
        -0.75757         0.54988
        -0.75697         0.57714
        -0.75637         0.57451
        -0.75577         0.57056
        -0.75517         0.58301
        -0.75457         0.56828
        -0.75397         0.55993
        -0.75337         0.55231
        -0.75277         0.54543
        -0.75217         0.53966
        -0.75157         0.53532
        -0.75097         0.53269
        -0.75037         0.53195
        -0.74977         0.53387
        -0.74917         0.53693
        -0.74857         0.54252
        -0.74797         0.55045
        -0.74737         0.56112
        -0.74677         0.57405
        -0.74617         0.58972
        -0.74557         0.60780
        -0.74497         0.62819
        -0.74437         0.65152
        -0.74377         0.67774
        -0.74317         0.70685
        -0.74257         0.73883
        -0.74197         0.77355
        -0.74137         0.81082
        -0.74077         0.85033
        -0.74017         0.89160
        -0.73957         0.93402
        -0.73897         0.97681
        -0.73837         1.01906
        -0.73777         1.05977
        -0.73717         1.09791
        -0.73657         1.13252
        -0.73597         1.16279
        -0.73537         1.18817
        -0.73477         1.20836
        -0.73417         1.22340
        -0.73357         1.23358
        -0.73297         1.23940
        -0.73237         1.24153
        -0.73177         1.24067
        -0.73117         1.23755
        -0.73057         1.23281
        -0.72997         1.22702
        -0.72937         1.22064
        -0.72877         1.21402
        -0.72817         1.20742
        -0.72757         1.20099
        -0.72696         1.19483
        -0.72636         1.18900
        -0.72576         1.18349
        -0.72516         1.17827
        -0.72456         1.17333
        -0.72396         1.16860
        -0.72336         1.16406
        -0.72276         1.15966
        -0.72216         1.15537
        -0.72156         1.15118
        -0.72096         1.14707
        -0.72036         1.14305
        -0.71976         1.13913
        -0.71916         1.13534
        -0.71856         1.13169
        -0.71796         1.12824
        -0.71736         1.12501
        -0.71676         1.12206
        -0.71616         1.11944
        -0.71556         1.11719
        -0.71496         1.11536
        -0.71436         1.11401
        -0.71376         1.11318
        -0.71316         1.11292
        -0.71256         1.11329
        -0.71196         1.11431
        -0.71136         1.11605
        -0.71076         1.11853
        -0.71016         1.12179
        -0.70956         1.12587
        -0.70896         1.13080
        -0.70836         1.13662
        -0.70776         1.14334
        -0.70716         1.15099
        -0.70656         1.15960
        -0.70596         1.16919
        -0.70536         1.17976
        -0.70476         1.19133
        -0.70416         1.20391
        -0.70356         1.21751
        -0.70296         1.23211
        -0.70236         1.24772
        -0.70176         1.26432
        -0.70116         1.28189
        -0.70056         1.30041
        -0.69996         1.31984
        -0.69936         1.34012
        -0.69876         1.36122
        -0.69816         1.38306
        -0.69756         1.40557
        -0.69696         1.42867
        -0.69636         1.45225
        -0.69576         1.47620
        -0.69516         1.50042
        -0.69456         1.52476
        -0.69396         1.54909
        -0.69336         1.57328
        -0.69276         1.59717
        -0.69216         1.62062
        -0.69156         1.64349
        -0.69096         1.66562
        -0.69036         1.68690
        -0.68976         1.70720
        -0.68916         1.72641
        -0.68856         1.74444
        -0.68796         1.76121
        -0.68736         1.77669
        -0.68676         1.79083
        -0.68616         1.80363
        -0.68556         1.81509
        -0.68496         1.82525
        -0.68436         1.83415
        -0.68376         1.84184
        -0.68316         1.84840
        -0.68256         1.85391
        -0.68196         1.85846
        -0.68136         1.86214
        -0.68076         1.86503
        -0.68016         1.86723
        -0.67956         1.86883
        -0.67896         1.86990
        -0.67836         1.87052
        -0.67776         1.87077
        -0.67716         1.87070
        -0.67656         1.87037
        -0.67596         1.86983
        -0.67536         1.86912
        -0.67476         1.86827
        -0.67416         1.86730
        -0.67356         1.86625
        -0.67296         1.86512
        -0.67236         1.86394
        -0.67176         1.86270
        -0.67116         1.86143
        -0.67056         1.86012
        -0.66996         1.85879
        -0.66936         1.85742
        -0.66876         1.85603
        -0.66816         1.85462
        -0.66756         1.85319
        -0.66696         1.85176
        -0.66636         1.85031
        -0.66576         1.84887
        -0.66516         1.84744
        -0.66456         1.84602
        -0.66396         1.84463
        -0.66336         1.84329
        -0.66276         1.84199
        -0.66216         1.84077
        -0.66156         1.83963
        -0.66096         1.83858
        -0.66036         1.83766
        -0.65976         1.83687
        -0.65916         1.83623
        -0.65856         1.83576
        -0.65796         1.83548
        -0.65736         1.83541
        -0.65676         1.83556
        -0.65616         1.83597
        -0.65556         1.83664
        -0.65496         1.83760
        -0.65436         1.83886
        -0.65376         1.84045
        -0.65316         1.84238
        -0.65256         1.84466
        -0.65196         1.84732
        -0.65136         1.85038
        -0.65076         1.85384
        -0.65016         1.85772
        -0.64956         1.86204
        -0.64895         1.86680
        -0.64835         1.87203
        -0.64775         1.87774
        -0.64715         1.88393
        -0.64655         1.89060
        -0.64595         1.89779
        -0.64535         1.90547
        -0.64475         1.91367
        -0.64415         1.92239
        -0.64355         1.93163
        -0.64295         1.94139
        -0.64235         1.95167
        -0.64175         1.96246
        -0.64115         1.97377
        -0.64055         1.98559
        -0.63995         1.99790
        -0.63935         2.01071
        -0.63875         2.02400
        -0.63815         2.03775
        -0.63755         2.05194
        -0.63695         2.06657
        -0.63635         2.08160
        -0.63575         2.09702
        -0.63515         2.11280
        -0.63455         2.12892
        -0.63395         2.14533
        -0.63335         2.16202
        -0.63275         2.17895
        -0.63215         2.19607
        -0.63155         2.21337
        -0.63095         2.23079
        -0.63035         2.24829
        -0.62975         2.26584
        -0.62915         2.28340
        -0.62855         2.30092
        -0.62795         2.31836
        -0.62735         2.33567
        -0.62675         2.35283
        -0.62615         2.36978
        -0.62555         2.38649
        -0.62495         2.40293
        -0.62435         2.41905
        -0.62375         2.43483
        -0.62315         2.45023
        -0.62255         2.46524
        -0.62195         2.47982
        -0.62135         2.49396
        -0.62075         2.50764
        -0.62015         2.52085
        -0.61955         2.53357
        -0.61895         2.54581
        -0.61835         2.55757
        -0.61775         2.56884
        -0.61715         2.57962
        -0.61655         2.58994
        -0.61595         2.59979
        -0.61535         2.60919
        -0.61475         2.61816
        -0.61415         2.62671
        -0.61355         2.63487
        -0.61295         2.64264
        -0.61235         2.65006
        -0.61175         2.65714
        -0.61115         2.66390
        -0.61055         2.67037
        -0.60995         2.67656
        -0.60935         2.68250
        -0.60875         2.68820
        -0.60815         2.69368
        -0.60755         2.69897
        -0.60695         2.70407
        -0.60635         2.70900
        -0.60575         2.71377
        -0.60515         2.71840
        -0.60455         2.72290
        -0.60395         2.72727
        -0.60335         2.73153
        -0.60275         2.73567
        -0.60215         2.73971
        -0.60155         2.74365
        -0.60095         2.74750
        -0.60035         2.75126
        -0.59975         2.75492
        -0.59915         2.75850
        -0.59855         2.76199
        -0.59795         2.76540
        -0.59735         2.76873
        -0.59675         2.77197
        -0.59615         2.77513
        -0.59555         2.77822
        -0.59495         2.78123
        -0.59435         2.78417
        -0.59375         2.78703
        -0.59315         2.78983
        -0.59255         2.79257
        -0.59195         2.79525
        -0.59135         2.79787
        -0.59075         2.80045
        -0.59015         2.80299
        -0.58955         2.80549
        -0.58895         2.80797
        -0.58835         2.81043
        -0.58775         2.81289
        -0.58715         2.81535
        -0.58655         2.81781
        -0.58595         2.82031
        -0.58535         2.82283
        -0.58475         2.82540
        -0.58415         2.82803
        -0.58355         2.83072
        -0.58295         2.83349
        -0.58235         2.83636
        -0.58175         2.83932
        -0.58115         2.84241
        -0.58055         2.84562
        -0.57995         2.84898
        -0.57935         2.85249
        -0.57875         2.85616
        -0.57815         2.86000
        -0.57755         2.86404
        -0.57695         2.86828
        -0.57635         2.87272
        -0.57575         2.87739
        -0.57515         2.88229
        -0.57455         2.88742
        -0.57395         2.89282
        -0.57335         2.89847
        -0.57275         2.90439
        -0.57215         2.91059
        -0.57155         2.91707
        -0.57094         2.92385
        -0.57034         2.93092
        -0.56974         2.93831
        -0.56914         2.94601
        -0.56854         2.95402
        -0.56794         2.96236
        -0.56734         2.97103
        -0.56674         2.98003
        -0.56614         2.98936
        -0.56554         2.99903
        -0.56494         3.00904
        -0.56434         3.01939
        -0.56374         3.03008
        -0.56314         3.04111
        -0.56254         3.05248
        -0.56194         3.06418
        -0.56134         3.07622
        -0.56074         3.08859
        -0.56014         3.10129
        -0.55954         3.11431
        -0.55894         3.12764
        -0.55834         3.14129
        -0.55774         3.15524
        -0.55714         3.16948
        -0.55654         3.18401
        -0.55594         3.19881
        -0.55534         3.21388
        -0.55474         3.22920
        -0.55414         3.24476
        -0.55354         3.26056
        -0.55294         3.27657
        -0.55234         3.29278
        -0.55174         3.30919
        -0.55114         3.32576
        -0.55054         3.34249
        -0.54994         3.35937
        -0.54934         3.37637
        -0.54874         3.39348
        -0.54814         3.41068
        -0.54754         3.42796
        -0.54694         3.44530
        -0.54634         3.46269
        -0.54574         3.48010
        -0.54514         3.49752
        -0.54454         3.51494
        -0.54394         3.53234
        -0.54334         3.54971
        -0.54274         3.56702
        -0.54214         3.58428
        -0.54154         3.60146
        -0.54094         3.61855
        -0.54034         3.63555
        -0.53974         3.65243
        -0.53914         3.66921
        -0.53854         3.68585
        -0.53794         3.70237
        -0.53734         3.71875
        -0.53674         3.73498
        -0.53614         3.75107
        -0.53554         3.76702
        -0.53494         3.78281
        -0.53434         3.79845
        -0.53374         3.81394
        -0.53314         3.82929
        -0.53254         3.84448
        -0.53194         3.85954
        -0.53134         3.87445
        -0.53074         3.88924
        -0.53014         3.90389
        -0.52954         3.91842
        -0.52894         3.93283
        -0.52834         3.94713
        -0.52774         3.96133
        -0.52714         3.97544
        -0.52654         3.98945
        -0.52594         4.00339
        -0.52534         4.01725
        -0.52474         4.03104
        -0.52414         4.04477
        -0.52354         4.05845
        -0.52294         4.07209
        -0.52234         4.08568
        -0.52174         4.09924
        -0.52114         4.11277
        -0.52054         4.12627
        -0.51994         4.13975
        -0.51934         4.15322
        -0.51874         4.16667
        -0.51814         4.18011
        -0.51754         4.19354
        -0.51694         4.20696
        -0.51634         4.22037
        -0.51574         4.23378
        -0.51514         4.24717
        -0.51454         4.26057
        -0.51394         4.27395
        -0.51334         4.28732
        -0.51274         4.30069
        -0.51214         4.31404
        -0.51154         4.32738
        -0.51094         4.34070
        -0.51034         4.35400
        -0.50974         4.36729
        -0.50914         4.38055
        -0.50854         4.39380
        -0.50794         4.40702
        -0.50734         4.42021
        -0.50674         4.43338
        -0.50614         4.44653
        -0.50554         4.45965
        -0.50494         4.47274
        -0.50434         4.48582
        -0.50374         4.49887
        -0.50314         4.51191
        -0.50254         4.52493
        -0.50194         4.53794
        -0.50134         4.55095
        -0.50074         4.56396
        -0.50014         4.57697
        -0.49954         4.59000
        -0.49894         4.60305
        -0.49834         4.61612
        -0.49774         4.62924
        -0.49714         4.64240
        -0.49654         4.65562
        -0.49594         4.66891
        -0.49534         4.68229
        -0.49474         4.69575
        -0.49414         4.70933
        -0.49354         4.72302
        -0.49293         4.73684
        -0.49233         4.75082
        -0.49173         4.76495
        -0.49113         4.77926
        -0.49053         4.79376
        -0.48993         4.80847
        -0.48933         4.82341
        -0.48873         4.83858
        -0.48813         4.85400
        -0.48753         4.86970
        -0.48693         4.88568
        -0.48633         4.90197
        -0.48573         4.91857
        -0.48513         4.93551
        -0.48453         4.95280
        -0.48393         4.97046
        -0.48333         4.98850
        -0.48273         5.00695
        -0.48213         5.02580
        -0.48153         5.04509
        -0.48093         5.06483
        -0.48033         5.08503
        -0.47973         5.10571
        -0.47913         5.12689
        -0.47853         5.14857
        -0.47793         5.17078
        -0.47733         5.19353
        -0.47673         5.21684
        -0.47613         5.24072
        -0.47553         5.26519
        -0.47493         5.29026
        -0.47433         5.31595
        -0.47373         5.34227
        -0.47313         5.36924
        -0.47253         5.39687
        -0.47193         5.42518
        -0.47133         5.45418
        -0.47073         5.48390
        -0.47013         5.51434
        -0.46953         5.54552
        -0.46893         5.57745
        -0.46833         5.61016
        -0.46773         5.64366
        -0.46713         5.67797
        -0.46653         5.71310
        -0.46593         5.74906
        -0.46533         5.78589
        -0.46473         5.82358
        -0.46413         5.86217
        -0.46353         5.90167
        -0.46293         5.94210
        -0.46233         5.98347
        -0.46173         6.02581
        -0.46113         6.06913
        -0.46053         6.11347
        -0.45993         6.15882
        -0.45933         6.20523
        -0.45873         6.25270
        -0.45813         6.30127
        -0.45753         6.35095
        -0.45693         6.40177
        -0.45633         6.45375
        -0.45573         6.50691
        -0.45513         6.56128
        -0.45453         6.61689
        -0.45393         6.67376
        -0.45333         6.73192
        -0.45273         6.79140
        -0.45213         6.85222
        -0.45153         6.91442
        -0.45093         6.97801
        -0.45033         7.04304
        -0.44973         7.10953
        -0.44913         7.17752
        -0.44853         7.24703
        -0.44793         7.31810
        -0.44733         7.39076
        -0.44673         7.46504
        -0.44613         7.54097
        -0.44553         7.61860
        -0.44493         7.69795
        -0.44433         7.77905
        -0.44373         7.86195
        -0.44313         7.94667
        -0.44253         8.03324
        -0.44193         8.12171
        -0.44133         8.21209
        -0.44073         8.30443
        -0.44013         8.39875
        -0.43953         8.49509
        -0.43893         8.59347
        -0.43833         8.69391
        -0.43773         8.79646
        -0.43713         8.90113
        -0.43653         9.00794
        -0.43593         9.11692
        -0.43533         9.22808
        -0.43473         9.34144
        -0.43413         9.45702
        -0.43353         9.57483
        -0.43293         9.69487
        -0.43233         9.81716
        -0.43173         9.94169
        -0.43113        10.06848
        -0.43053        10.19751
        -0.42993        10.32878
        -0.42933        10.46229
        -0.42873        10.59802
        -0.42813        10.73596
        -0.42753        10.87609
        -0.42693        11.01839
        -0.42633        11.16284
        -0.42573        11.30941
        -0.42513        11.45807
        -0.42453        11.60880
        -0.42393        11.76156
        -0.42333        11.91632
        -0.42273        12.07302
        -0.42213        12.23165
        -0.42153        12.39215
        -0.42093        12.55448
        -0.42033        12.71860
        -0.41973        12.88446
        -0.41913        13.05200
        -0.41853        13.22119
        -0.41793        13.39197
        -0.41733        13.56428
        -0.41673        13.73808
        -0.41613        13.91330
        -0.41553        14.08989
        -0.41492        14.26780
        -0.41432        14.44695
        -0.41372        14.62728
        -0.41312        14.80874
        -0.41252        14.99125
        -0.41192        15.17473
        -0.41132        15.35913
        -0.41072        15.54436
        -0.41012        15.73033
        -0.40952        15.91698
        -0.40892        16.10420
        -0.40832        16.29191
        -0.40772        16.48003
        -0.40712        16.66844
        -0.40652        16.85705
        -0.40592        17.04576
        -0.40532        17.23445
        -0.40472        17.42303
        -0.40412        17.61138
        -0.40352        17.79939
        -0.40292        17.98695
        -0.40232        18.17394
        -0.40172        18.36025
        -0.40112        18.54577
        -0.40052        18.73038
        -0.39992        18.91400
        -0.39932        19.09650
        -0.39872        19.27780
        -0.39812        19.45780
        -0.39752        19.63642
        -0.39692        19.81358
        -0.39632        19.98922
        -0.39572        20.16326
        -0.39512        20.33568
        -0.39452        20.50642
        -0.39392        20.67546
        -0.39332        20.84279
        -0.39272        21.00841
        -0.39212        21.17233
        -0.39152        21.33457
        -0.39092        21.49517
        -0.39032        21.65419
        -0.38972        21.81168
        -0.38912        21.96774
        -0.38852        22.12244
        -0.38792        22.27589
        -0.38732        22.42822
        -0.38672        22.57954
        -0.38612        22.73000
        -0.38552        22.87973
        -0.38492        23.02891
        -0.38432        23.17769
        -0.38372        23.32625
        -0.38312        23.47477
        -0.38252        23.62343
        -0.38192        23.77242
        -0.38132        23.92192
        -0.38072        24.07215
        -0.38012        24.22328
        -0.37952        24.37552
        -0.37892        24.52905
        -0.37832        24.68407
        -0.37772        24.84076
        -0.37712        24.99930
        -0.37652        25.15987
        -0.37592        25.32265
        -0.37532        25.48777
        -0.37472        25.65541
        -0.37412        25.82570
        -0.37352        25.99877
        -0.37292        26.17473
        -0.37232        26.35371
        -0.37172        26.53577
        -0.37112        26.72101
        -0.37052        26.90948
        -0.36992        27.10123
        -0.36932        27.29629
        -0.36872        27.49467
        -0.36812        27.69636
        -0.36752        27.90133
        -0.36692        28.10955
        -0.36632        28.32094
        -0.36572        28.53542
        -0.36512        28.75288
        -0.36452        28.97320
        -0.36392        29.19623
        -0.36332        29.42179
        -0.36272        29.64971
        -0.36212        29.87976
        -0.36152        30.11171
        -0.36092        30.34530
        -0.36032        30.58027
        -0.35972        30.81632
        -0.35912        31.05314
        -0.35852        31.29038
        -0.35792        31.52772
        -0.35732        31.76478
        -0.35672        32.00118
        -0.35612        32.23654
        -0.35552        32.47046
        -0.35492        32.70253
        -0.35432        32.93234
        -0.35372        33.15948
        -0.35312        33.38353
        -0.35252        33.60407
        -0.35192        33.82071
        -0.35132        34.03304
        -0.35072        34.24068
        -0.35012        34.44326
        -0.34952        34.64042
        -0.34892        34.83184
        -0.34832        35.01719
        -0.34772        35.19622
        -0.34712        35.36865
        -0.34652        35.53426
        -0.34592        35.69286
        -0.34532        35.84431
        -0.34472        35.98846
        -0.34412        36.12523
        -0.34352        36.25458
        -0.34292        36.37648
        -0.34232        36.49095
        -0.34172        36.59804
        -0.34112        36.69785
        -0.34052        36.79047
        -0.33992        36.87607
        -0.33932        36.95480
        -0.33872        37.02688
        -0.33812        37.09252
        -0.33752        37.15196
        -0.33691        37.20547
        -0.33631        37.25331
        -0.33571        37.29578
        -0.33511        37.33316
        -0.33451        37.36578
        -0.33391        37.39392
        -0.33331        37.41792
        -0.33271        37.43808
        -0.33211        37.45471
        -0.33151        37.46813
        -0.33091        37.47863
        -0.33031        37.48652
        -0.32971        37.49209
        -0.32911        37.49563
        -0.32851        37.49739
        -0.32791        37.49766
        -0.32731        37.49669
        -0.32671        37.49471
        -0.32611        37.49196
        -0.32551        37.48867
        -0.32491        37.48504
        -0.32431        37.48128
        -0.32371        37.47756
        -0.32311        37.47408
        -0.32251        37.47100
        -0.32191        37.46848
        -0.32131        37.46666
        -0.32071        37.46571
        -0.32011        37.46574
        -0.31951        37.46688
        -0.31891        37.46926
        -0.31831        37.47299
        -0.31771        37.47818
        -0.31711        37.48494
        -0.31651        37.49336
        -0.31591        37.50354
        -0.31531        37.51558
        -0.31471        37.52956
        -0.31411        37.54557
        -0.31351        37.56371
        -0.31291        37.58405
        -0.31231        37.60668
        -0.31171        37.63168
        -0.31111        37.65914
        -0.31051        37.68914
        -0.30991        37.72176
        -0.30931        37.75708
        -0.30871        37.79519
        -0.30811        37.83617
        -0.30751        37.88010
        -0.30691        37.92708
        -0.30631        37.97718
        -0.30571        38.03049
        -0.30511        38.08710
        -0.30451        38.14710
        -0.30391        38.21057
        -0.30331        38.27761
        -0.30271        38.34831
        -0.30211        38.42276
        -0.30151        38.50105
        -0.30091        38.58328
        -0.30031        38.66953
        -0.29971        38.75991
        -0.29911        38.85450
        -0.29851        38.95341
        -0.29791        39.05673
        -0.29731        39.16455
        -0.29671        39.27697
        -0.29611        39.39408
        -0.29551        39.51597
        -0.29491        39.64273
        -0.29431        39.77446
        -0.29371        39.91124
        -0.29311        40.05315
        -0.29251        40.20029
        -0.29191        40.35272
        -0.29131        40.51052
        -0.29071        40.67376
        -0.29011        40.84250
        -0.28951        41.01681
        -0.28891        41.19674
        -0.28831        41.38232
        -0.28771        41.57360
        -0.28711        41.77060
        -0.28651        41.97335
        -0.28591        42.18184
        -0.28531        42.39607
        -0.28471        42.61604
        -0.28411        42.84170
        -0.28351        43.07301
        -0.28291        43.30992
        -0.28231        43.55236
        -0.28171        43.80022
        -0.28111        44.05341
        -0.28051        44.31179
        -0.27991        44.57523
        -0.27931        44.84357
        -0.27871        45.11661
        -0.27811        45.39417
        -0.27751        45.67602
        -0.27691        45.96193
        -0.27631        46.25164
        -0.27571        46.54488
        -0.27511        46.84134
        -0.27451        47.14073
        -0.27391        47.44273
        -0.27331        47.74698
        -0.27271        48.05315
        -0.27211        48.36087
        -0.27151        48.66977
        -0.27091        48.97949
        -0.27031        49.28963
        -0.26971        49.59982
        -0.26911        49.90967
        -0.26851        50.21882
        -0.26791        50.52689
        -0.26731        50.83351
        -0.26671        51.13834
        -0.26611        51.44103
        -0.26551        51.74128
        -0.26491        52.03876
        -0.26431        52.33319
        -0.26371        52.62430
        -0.26311        52.91186
        -0.26251        53.19563
        -0.26191        53.47541
        -0.26131        53.75104
        -0.26071        54.02234
        -0.26011        54.28918
        -0.25951        54.55145
        -0.25890        54.80906
        -0.25830        55.06192
        -0.25770        55.30998
        -0.25710        55.55319
        -0.25650        55.79151
        -0.25590        56.02492
        -0.25530        56.25341
        -0.25470        56.47697
        -0.25410        56.69559
        -0.25350        56.90927
        -0.25290        57.11801
        -0.25230        57.32182
        -0.25170        57.52068
        -0.25110        57.71458
        -0.25050        57.90352
        -0.24990        58.08748
        -0.24930        58.26642
        -0.24870        58.44032
        -0.24810        58.60912
        -0.24750        58.77279
        -0.24690        58.93125
        -0.24630        59.08444
        -0.24570        59.23228
        -0.24510        59.37469
        -0.24450        59.51157
        -0.24390        59.64281
        -0.24330        59.76832
        -0.24270        59.88797
        -0.24210        60.00164
        -0.24150        60.10921
        -0.24090        60.21055
        -0.24030        60.30554
        -0.23970        60.39403
        -0.23910        60.47589
        -0.23850        60.55100
        -0.23790        60.61922
        -0.23730        60.68042
        -0.23670        60.73448
        -0.23610        60.78127
        -0.23550        60.82069
        -0.23490        60.85263
        -0.23430        60.87698
        -0.23370        60.89365
        -0.23310        60.90256
        -0.23250        60.90363
        -0.23190        60.89679
        -0.23130        60.88200
        -0.23070        60.85921
        -0.23010        60.82838
        -0.22950        60.78950
        -0.22890        60.74255
        -0.22830        60.68755
        -0.22770        60.62450
        -0.22710        60.55342
        -0.22650        60.47436
        -0.22590        60.38736
        -0.22530        60.29249
        -0.22470        60.18981
        -0.22410        60.07941
        -0.22350        59.96137
        -0.22290        59.83580
        -0.22230        59.70281
        -0.22170        59.56252
        -0.22110        59.41506
        -0.22050        59.26056
        -0.21990        59.09918
        -0.21930        58.93105
        -0.21870        58.75635
        -0.21810        58.57525
        -0.21750        58.38790
        -0.21690        58.19451
        -0.21630        57.99524
        -0.21570        57.79030
        -0.21510        57.57988
        -0.21450        57.36419
        -0.21390        57.14344
        -0.21330        56.91783
        -0.21270        56.68760
        -0.21210        56.45295
        -0.21150        56.21412
        -0.21090        55.97134
        -0.21030        55.72485
        -0.20970        55.47488
        -0.20910        55.22168
        -0.20850        54.96550
        -0.20790        54.70659
        -0.20730        54.44519
        -0.20670        54.18156
        -0.20610        53.91597
        -0.20550        53.64867
        -0.20490        53.37993
        -0.20430        53.11000
        -0.20370        52.83916
        -0.20310        52.56766
        -0.20250        52.29578
        -0.20190        52.02377
        -0.20130        51.75191
        -0.20070        51.48046
        -0.20010        51.20968
        -0.19950        50.93984
        -0.19890        50.67119
        -0.19830        50.40400
        -0.19770        50.13852
        -0.19710        49.87500
        -0.19650        49.61370
        -0.19590        49.35485
        -0.19530        49.09871
        -0.19470        48.84552
        -0.19410        48.59550
        -0.19350        48.34888
        -0.19290        48.10590
        -0.19230        47.86677
        -0.19170        47.63171
        -0.19110        47.40092
        -0.19050        47.17463
        -0.18990        46.95301
        -0.18930        46.73627
        -0.18870        46.52460
        -0.18810        46.31817
        -0.18750        46.11717
        -0.18690        45.92178
        -0.18630        45.73214
        -0.18570        45.54844
        -0.18510        45.37081
        -0.18450        45.19942
        -0.18390        45.03441
        -0.18330        44.87591
        -0.18270        44.72406
        -0.18210        44.57899
        -0.18150        44.44081
        -0.18089        44.30966
        -0.18029        44.18564
        -0.17969        44.06885
        -0.17909        43.95940
        -0.17849        43.85739
        -0.17789        43.76290
        -0.17729        43.67602
        -0.17669        43.59683
        -0.17609        43.52540
        -0.17549        43.46181
        -0.17489        43.40610
        -0.17429        43.35834
        -0.17369        43.31858
        -0.17309        43.28685
        -0.17249        43.26319
        -0.17189        43.24762
        -0.17129        43.24018
        -0.17069        43.24086
        -0.17009        43.24966
        -0.16949        43.26659
        -0.16889        43.29162
        -0.16829        43.32473
        -0.16769        43.36588
        -0.16709        43.41502
        -0.16649        43.47209
        -0.16589        43.53701
        -0.16529        43.60971
        -0.16469        43.69009
        -0.16409        43.77802
        -0.16349        43.87339
        -0.16289        43.97605
        -0.16229        44.08584
        -0.16169        44.20258
        -0.16109        44.32610
        -0.16049        44.45618
        -0.15989        44.59259
        -0.15929        44.73510
        -0.15869        44.88345
        -0.15809        45.03736
        -0.15749        45.19653
        -0.15689        45.36066
        -0.15629        45.52942
        -0.15569        45.70246
        -0.15509        45.87943
        -0.15449        46.05995
        -0.15389        46.24363
        -0.15329        46.43007
        -0.15269        46.61887
        -0.15209        46.80959
        -0.15149        47.00180
        -0.15089        47.19506
        -0.15029        47.38892
        -0.14969        47.58295
        -0.14909        47.77667
        -0.14849        47.96964
        -0.14789        48.16141
        -0.14729        48.35152
        -0.14669        48.53955
        -0.14609        48.72505
        -0.14549        48.90759
        -0.14489        49.08677
        -0.14429        49.26218
        -0.14369        49.43345
        -0.14309        49.60021
        -0.14249        49.76210
        -0.14189        49.91882
        -0.14129        50.07004
        -0.14069        50.21550
        -0.14009        50.35494
        -0.13949        50.48814
        -0.13889        50.61489
        -0.13829        50.73502
        -0.13769        50.84840
        -0.13709        50.95492
        -0.13649        51.05448
        -0.13589        51.14704
        -0.13529        51.23257
        -0.13469        51.31109
        -0.13409        51.38264
        -0.13349        51.44727
        -0.13289        51.50509
        -0.13229        51.55621
        -0.13169        51.60079
        -0.13109        51.63900
        -0.13049        51.67104
        -0.12989        51.69713
        -0.12929        51.71751
        -0.12869        51.73243
        -0.12809        51.74219
        -0.12749        51.74708
        -0.12689        51.74740
        -0.12629        51.74348
        -0.12569        51.73566
        -0.12509        51.72429
        -0.12449        51.70972
        -0.12389        51.69232
        -0.12329        51.67245
        -0.12269        51.65051
        -0.12209        51.62688
        -0.12149        51.60194
        -0.12089        51.57610
        -0.12029        51.54974
        -0.11969        51.52328
        -0.11909        51.49711
        -0.11849        51.47166
        -0.11789        51.44732
        -0.11729        51.42453
        -0.11669        51.40369
        -0.11609        51.38524
        -0.11549        51.36960
        -0.11489        51.35720
        -0.11429        51.34847
        -0.11369        51.34386
        -0.11309        51.34380
        -0.11249        51.34875
        -0.11189        51.35916
        -0.11129        51.37547
        -0.11069        51.39816
        -0.11009        51.42767
        -0.10949        51.46447
        -0.10889        51.50903
        -0.10829        51.56181
        -0.10769        51.62329
        -0.10709        51.69393
        -0.10649        51.77420
        -0.10589        51.86456
        -0.10529        51.96548
        -0.10469        52.07740
        -0.10409        52.20078
        -0.10349        52.33606
        -0.10288        52.48367
        -0.10228        52.64401
        -0.10168        52.81750
        -0.10108        53.00449
        -0.10048        53.20535
        -0.09988        53.42041
        -0.09928        53.64995
        -0.09868        53.89423
        -0.09808        54.15347
        -0.09748        54.42783
        -0.09688        54.71741
        -0.09628        55.02226
        -0.09568        55.34235
        -0.09508        55.67756
        -0.09448        56.02770
        -0.09388        56.39245
        -0.09328        56.77140
        -0.09268        57.16401
        -0.09208        57.56960
        -0.09148        57.98733
        -0.09088        58.41622
        -0.09028        58.85508
        -0.08968        59.30256
        -0.08908        59.75710
        -0.08848        60.21692
        -0.08788        60.68004
        -0.08728        61.14422
        -0.08668        61.60701
        -0.08608        62.06572
        -0.08548        62.51742
        -0.08488        62.95898
        -0.08428        63.38702
        -0.08368        63.79801
        -0.08308        64.18822
        -0.08248        64.55381
        -0.08188        64.89082
        -0.08128        65.19526
        -0.08068        65.46314
        -0.08008        65.69053
        -0.07948        65.87362
        -0.07888        66.00879
        -0.07828        66.09268
        -0.07768        66.12225
        -0.07708        66.09483
        -0.07648        66.00824
        -0.07588        65.86074
        -0.07528        65.65118
        -0.07468        65.37894
        -0.07408        65.04403
        -0.07348        64.64702
        -0.07288        64.18911
        -0.07228        63.67204
        -0.07168        63.09810
        -0.07108        62.47008
        -0.07048        61.79121
        -0.06988        61.06509
        -0.06928        60.29565
        -0.06868        59.48705
        -0.06808        58.64362
        -0.06748        57.76982
        -0.06688        56.87012
        -0.06628        55.94897
        -0.06568        55.01072
        -0.06508        54.05962
        -0.06448        53.09971
        -0.06388        52.13484
        -0.06328        51.16859
        -0.06268        50.20431
        -0.06208        49.24506
        -0.06148        48.29361
        -0.06088        47.35246
        -0.06028        46.42382
        -0.05968        45.50963
        -0.05908        44.61156
        -0.05848        43.73102
        -0.05788        42.86922
        -0.05728        42.02711
        -0.05668        41.20546
        -0.05608        40.40484
        -0.05548        39.62568
        -0.05488        38.86822
        -0.05428        38.13259
        -0.05368        37.41881
        -0.05308        36.72676
        -0.05248        36.05627
        -0.05188        35.40707
        -0.05128        34.77882
        -0.05068        34.17114
        -0.05008        33.58360
        -0.04948        33.01573
        -0.04888        32.46702
        -0.04828        31.93696
        -0.04768        31.42500
        -0.04708        30.93061
        -0.04648        30.45322
        -0.04588        29.99227
        -0.04528        29.54721
        -0.04468        29.11750
        -0.04408        28.70257
        -0.04348        28.30189
        -0.04288        27.91494
        -0.04228        27.54121
        -0.04168        27.18017
        -0.04108        26.83136
        -0.04048        26.49429
        -0.03988        26.16851
        -0.03928        25.85357
        -0.03868        25.54904
        -0.03808        25.25450
        -0.03748        24.96957
        -0.03688        24.69386
        -0.03628        24.42700
        -0.03568        24.16865
        -0.03508        23.91846
        -0.03448        23.67611
        -0.03388        23.44130
        -0.03328        23.21372
        -0.03268        22.99311
        -0.03208        22.77920
        -0.03148        22.57172
        -0.03088        22.37043
        -0.03028        22.17512
        -0.02968        21.98554
        -0.02908        21.80151
        -0.02848        21.62281
        -0.02788        21.44927
        -0.02728        21.28070
        -0.02668        21.11694
        -0.02608        20.95782
        -0.02547        20.80319
        -0.02487        20.65292
        -0.02427        20.50686
        -0.02367        20.36489
        -0.02307        20.22689
        -0.02247        20.09274
        -0.02187        19.96234
        -0.02127        19.83559
        -0.02067        19.71239
        -0.02007        19.59264
        -0.01947        19.47627
        -0.01887        19.36320
        -0.01827        19.25335
        -0.01767        19.14666
        -0.01707        19.04305
        -0.01647        18.94246
        -0.01587        18.84483
        -0.01527        18.75012
        -0.01467        18.65827
        -0.01407        18.56923
        -0.01347        18.48296
        -0.01287        18.39941
        -0.01227        18.31855
        -0.01167        18.24034
        -0.01107        18.16474
        -0.01047        18.09172
        -0.00987        18.02125
        -0.00927        17.95331
        -0.00867        17.88787
        -0.00807        17.82489
        -0.00747        17.76437
        -0.00687        17.70628
        -0.00627        17.65059
        -0.00567        17.59730
        -0.00507        17.54637
        -0.00447        17.49781
        -0.00387        17.45159
        -0.00327        17.40770
        -0.00267        17.36613
        -0.00207        17.32686
        -0.00147        17.28989
        -0.00087        17.25520
        -0.00027        17.22280
         0.00033        17.19267
         0.00093        17.16480
         0.00153        17.13920
         0.00213        17.11585
         0.00273        17.09475
         0.00333        17.07590
         0.00393        17.05930
         0.00453        17.04495
         0.00513        17.03285
         0.00573        17.02300
         0.00633        17.01539
         0.00693        17.01005
         0.00753        17.00695
         0.00813        17.00613
         0.00873        17.00757
         0.00933        17.01129
         0.00993        17.01729
         0.01053        17.02558
         0.01113        17.03618
         0.01173        17.04910
         0.01233        17.06434
         0.01293        17.08192
         0.01353        17.10186
         0.01413        17.12417
         0.01473        17.14888
         0.01533        17.17599
         0.01593        17.20553
         0.01653        17.23753
         0.01713        17.27201
         0.01773        17.30898
         0.01833        17.34848
         0.01893        17.39054
         0.01953        17.43518
         0.02013        17.48245
         0.02073        17.53236
         0.02133        17.58496
         0.02193        17.64029
         0.02253        17.69837
         0.02313        17.75926
         0.02373        17.82300
         0.02433        17.88964
         0.02493        17.95921
         0.02553        18.03177
         0.02613        18.10738
         0.02673        18.18608
         0.02733        18.26793
         0.02793        18.35300
         0.02853        18.44134
         0.02913        18.53302
         0.02973        18.62811
         0.03033        18.72667
         0.03093        18.82877
         0.03153        18.93450
         0.03213        19.04393
         0.03273        19.15714
         0.03333        19.27422
         0.03393        19.39525
         0.03453        19.52032
         0.03513        19.64952
         0.03573        19.78296
         0.03633        19.92072
         0.03693        20.06292
         0.03753        20.20966
         0.03813        20.36104
         0.03873        20.51719
         0.03933        20.67821
         0.03993        20.84422
         0.04053        21.01535
         0.04113        21.19173
         0.04173        21.37347
         0.04233        21.56072
         0.04293        21.75360
         0.04353        21.95226
         0.04413        22.15683
         0.04473        22.36746
         0.04533        22.58428
         0.04593        22.80746
         0.04653        23.03713
         0.04713        23.27345
         0.04773        23.51657
         0.04833        23.76663
         0.04893        24.02379
         0.04953        24.28820
         0.05013        24.56001
         0.05073        24.83936
         0.05133        25.12640
         0.05193        25.42126
         0.05254        25.72407
         0.05314        26.03497
         0.05374        26.35407
         0.05434        26.68147
         0.05494        27.01727
         0.05554        27.36155
         0.05614        27.71436
         0.05674        28.07576
         0.05734        28.44575
         0.05794        28.82434
         0.05854        29.21149
         0.05914        29.60711
         0.05974        30.01112
         0.06034        30.42334
         0.06094        30.84359
         0.06154        31.27161
         0.06214        31.70708
         0.06274        32.14963
         0.06334        32.59881
         0.06394        33.05408
         0.06454        33.51483
         0.06514        33.98035
         0.06574        34.44984
         0.06634        34.92237
         0.06694        35.39693
         0.06754        35.87236
         0.06814        36.34739
         0.06874        36.82063
         0.06934        37.29055
         0.06994        37.75548
         0.07054        38.21365
         0.07114        38.66314
         0.07174        39.10194
         0.07234        39.52789
         0.07294        39.93878
         0.07354        40.33232
         0.07414        40.70614
         0.07474        41.05787
         0.07534        41.38513
         0.07594        41.68558
         0.07654        41.95694
         0.07714        42.19704
         0.07774        42.40386
         0.07834        42.57555
         0.07894        42.71048
         0.07954        42.80726
         0.08014        42.86477
         0.08074        42.88222
         0.08134        42.85910
         0.08194        42.79524
         0.08254        42.69082
         0.08314        42.54632
         0.08374        42.36253
         0.08434        42.14056
         0.08494        41.88178
         0.08554        41.58781
         0.08614        41.26045
         0.08674        40.90172
         0.08734        40.51374
         0.08794        40.09877
         0.08854        39.65910
         0.08914        39.19708
         0.08974        38.71506
         0.09034        38.21536
         0.09094        37.70026
         0.09154        37.17198
         0.09214        36.63263
         0.09274        36.08426
         0.09334        35.52879
         0.09394        34.96802
         0.09454        34.40367
         0.09514        33.83729
         0.09574        33.27036
         0.09634        32.70421
         0.09694        32.14007
         0.09754        31.57905
         0.09814        31.02215
         0.09874        30.47029
         0.09934        29.92426
         0.09994        29.38480
         0.10054        28.85253
         0.10114        28.32800
         0.10174        27.81169
         0.10234        27.30401
         0.10294        26.80532
         0.10354        26.31589
         0.10414        25.83596
         0.10474        25.36571
         0.10534        24.90529
         0.10594        24.45479
         0.10654        24.01427
         0.10714        23.58376
         0.10774        23.16326
         0.10834        22.75274
         0.10894        22.35214
         0.10954        21.96139
         0.11014        21.58040
         0.11074        21.20905
         0.11134        20.84722
         0.11194        20.49476
         0.11254        20.15154
         0.11314        19.81738
         0.11374        19.49213
         0.11434        19.17561
         0.11494        18.86763
         0.11554        18.56803
         0.11614        18.27662
         0.11674        17.99320
         0.11734        17.71758
         0.11794        17.44959
         0.11854        17.18903
         0.11914        16.93570
         0.11974        16.68943
         0.12034        16.45003
         0.12094        16.21731
         0.12154        15.99109
         0.12214        15.77119
         0.12274        15.55744
         0.12334        15.34967
         0.12394        15.14770
         0.12454        14.95136
         0.12514        14.76051
         0.12574        14.57496
         0.12634        14.39458
         0.12694        14.21921
         0.12754        14.04870
         0.12814        13.88290
         0.12874        13.72168
         0.12934        13.56490
         0.12994        13.41243
         0.13055        13.26414
         0.13115        13.11989
         0.13175        12.97958
         0.13235        12.84308
         0.13295        12.71027
         0.13355        12.58105
         0.13415        12.45530
         0.13475        12.33293
         0.13535        12.21382
         0.13595        12.09789
         0.13655        11.98503
         0.13715        11.87516
         0.13775        11.76818
         0.13835        11.66400
         0.13895        11.56255
         0.13955        11.46374
         0.14015        11.36749
         0.14075        11.27373
         0.14135        11.18238
         0.14195        11.09338
         0.14255        11.00664
         0.14315        10.92211
         0.14375        10.83973
         0.14435        10.75942
         0.14495        10.68113
         0.14555        10.60480
         0.14615        10.53038
         0.14675        10.45781
         0.14735        10.38704
         0.14795        10.31801
         0.14855        10.25069
         0.14915        10.18501
         0.14975        10.12094
         0.15035        10.05843
         0.15095         9.99745
         0.15155         9.93794
         0.15215         9.87987
         0.15275         9.82320
         0.15335         9.76789
         0.15395         9.71391
         0.15455         9.66123
         0.15515         9.60981
         0.15575         9.55962
         0.15635         9.51063
         0.15695         9.46280
         0.15755         9.41612
         0.15815         9.37055
         0.15875         9.32607
         0.15935         9.28265
         0.15995         9.24027
         0.16055         9.19890
         0.16115         9.15852
         0.16175         9.11911
         0.16235         9.08065
         0.16295         9.04311
         0.16355         9.00648
         0.16415         8.97074
         0.16475         8.93586
         0.16535         8.90184
         0.16595         8.86865
         0.16655         8.83628
         0.16715         8.80471
         0.16775         8.77393
         0.16835         8.74392
         0.16895         8.71467
         0.16955         8.68616
         0.17015         8.65838
         0.17075         8.63132
         0.17135         8.60496
         0.17195         8.57929
         0.17255         8.55431
         0.17315         8.52999
         0.17375         8.50633
         0.17435         8.48331
         0.17495         8.46093
         0.17555         8.43918
         0.17615         8.41804
         0.17675         8.39750
         0.17735         8.37757
         0.17795         8.35821
         0.17855         8.33944
         0.17915         8.32123
         0.17975         8.30358
         0.18035         8.28649
         0.18095         8.26993
         0.18155         8.25391
         0.18215         8.23842
         0.18275         8.22344
         0.18335         8.20897
         0.18395         8.19501
         0.18455         8.18154
         0.18515         8.16855
         0.18575         8.15604
         0.18635         8.14401
         0.18695         8.13244
         0.18755         8.12132
         0.18815         8.11066
         0.18875         8.10043
         0.18935         8.09064
         0.18995         8.08128
         0.19055         8.07233
         0.19115         8.06380
         0.19175         8.05567
         0.19235         8.04794
         0.19295         8.04061
         0.19355         8.03365
         0.19415         8.02707
         0.19475         8.02086
         0.19535         8.01501
         0.19595         8.00952
         0.19655         8.00437
         0.19715         7.99957
         0.19775         7.99509
         0.19835         7.99094
         0.19895         7.98711
         0.19955         7.98358
         0.20015         7.98036
         0.20075         7.97744
         0.20135         7.97480
         0.20195         7.97244
         0.20255         7.97035
         0.20315         7.96853
         0.20375         7.96696
         0.20435         7.96564
         0.20495         7.96456
         0.20555         7.96372
         0.20615         7.96310
         0.20675         7.96269
         0.20735         7.96250
         0.20795         7.96250
         0.20856         7.96270
         0.20916         7.96308
         0.20976         7.96364
         0.21036         7.96436
         0.21096         7.96524
         0.21156         7.96628
         0.21216         7.96745
         0.21276         7.96876
         0.21336         7.97019
         0.21396         7.97174
         0.21456         7.97339
         0.21516         7.97514
         0.21576         7.97699
         0.21636         7.97891
         0.21696         7.98090
         0.21756         7.98296
         0.21816         7.98507
         0.21876         7.98722
         0.21936         7.98941
         0.21996         7.99162
         0.22056         7.99385
         0.22116         7.99609
         0.22176         7.99833
         0.22236         8.00055
         0.22296         8.00276
         0.22356         8.00493
         0.22416         8.00707
         0.22476         8.00916
         0.22536         8.01119
         0.22596         8.01315
         0.22656         8.01504
         0.22716         8.01684
         0.22776         8.01856
         0.22836         8.02016
         0.22896         8.02166
         0.22956         8.02303
         0.23016         8.02428
         0.23076         8.02538
         0.23136         8.02634
         0.23196         8.02714
         0.23256         8.02778
         0.23316         8.02825
         0.23376         8.02853
         0.23436         8.02863
         0.23496         8.02853
         0.23556         8.02822
         0.23616         8.02771
         0.23676         8.02697
         0.23736         8.02601
         0.23796         8.02481
         0.23856         8.02337
         0.23916         8.02169
         0.23976         8.01975
         0.24036         8.01755
         0.24096         8.01508
         0.24156         8.01234
         0.24216         8.00933
         0.24276         8.00603
         0.24336         8.00244
         0.24396         7.99856
         0.24456         7.99439
         0.24516         7.98991
         0.24576         7.98512
         0.24636         7.98002
         0.24696         7.97461
         0.24756         7.96888
         0.24816         7.96283
         0.24876         7.95646
         0.24936         7.94975
         0.24996         7.94272
         0.25056         7.93536
         0.25116         7.92766
         0.25176         7.91963
         0.25236         7.91125
         0.25296         7.90254
         0.25356         7.89349
         0.25416         7.88409
         0.25476         7.87436
         0.25536         7.86428
         0.25596         7.85385
         0.25656         7.84309
         0.25716         7.83197
         0.25776         7.82052
         0.25836         7.80872
         0.25896         7.79658
         0.25956         7.78410
         0.26016         7.77128
         0.26076         7.75812
         0.26136         7.74462
         0.26196         7.73079
         0.26256         7.71663
         0.26316         7.70213
         0.26376         7.68731
         0.26436         7.67216
         0.26496         7.65669
         0.26556         7.64090
         0.26616         7.62480
         0.26676         7.60838
         0.26736         7.59166
         0.26796         7.57464
         0.26856         7.55732
         0.26916         7.53971
         0.26976         7.52181
         0.27036         7.50363
         0.27096         7.48518
         0.27156         7.46646
         0.27216         7.44747
         0.27276         7.42824
         0.27336         7.40875
         0.27396         7.38903
         0.27456         7.36907
         0.27516         7.34889
         0.27576         7.32850
         0.27636         7.30791
         0.27696         7.28711
         0.27756         7.26614
         0.27816         7.24498
         0.27876         7.22366
         0.27936         7.20219
         0.27996         7.18057
         0.28056         7.15882
         0.28116         7.13695
         0.28176         7.11497
         0.28236         7.09289
         0.28296         7.07072
         0.28356         7.04848
         0.28416         7.02618
         0.28476         7.00383
         0.28536         6.98145
         0.28596         6.95903
         0.28657         6.93661
         0.28717         6.91419
         0.28777         6.89178
         0.28837         6.86939
         0.28897         6.84705
         0.28957         6.82475
         0.29017         6.80252
         0.29077         6.78036
         0.29137         6.75829
         0.29197         6.73632
         0.29257         6.71445
         0.29317         6.69271
         0.29377         6.67110
         0.29437         6.64964
         0.29497         6.62832
         0.29557         6.60717
         0.29617         6.58620
         0.29677         6.56540
         0.29737         6.54480
         0.29797         6.52440
         0.29857         6.50421
         0.29917         6.48423
         0.29977         6.46448
         0.30037         6.44496
         0.30097         6.42567
         0.30157         6.40663
         0.30217         6.38783
         0.30277         6.36930
         0.30337         6.35101
         0.30397         6.33300
         0.30457         6.31524
         0.30517         6.29776
         0.30577         6.28055
         0.30637         6.26361
         0.30697         6.24695
         0.30757         6.23057
         0.30817         6.21446
         0.30877         6.19863
         0.30937         6.18307
         0.30997         6.16780
         0.31057         6.15279
         0.31117         6.13806
         0.31177         6.12360
         0.31237         6.10940
         0.31297         6.09547
         0.31357         6.08179
         0.31417         6.06837
         0.31477         6.05520
         0.31537         6.04227
         0.31597         6.02957
         0.31657         6.01711
         0.31717         6.00487
         0.31777         5.99285
         0.31837         5.98104
         0.31897         5.96942
         0.31957         5.95800
         0.32017         5.94676
         0.32077         5.93569
         0.32137         5.92478
         0.32197         5.91402
         0.32257         5.90340
         0.32317         5.89292
         0.32377         5.88255
         0.32437         5.87228
         0.32497         5.86211
         0.32557         5.85203
         0.32617         5.84201
         0.32677         5.83204
         0.32737         5.82212
         0.32797         5.81223
         0.32857         5.80236
         0.32917         5.79248
         0.32977         5.78260
         0.33037         5.77269
         0.33097         5.76274
         0.33157         5.75274
         0.33217         5.74267
         0.33277         5.73252
         0.33337         5.72228
         0.33397         5.71193
         0.33457         5.70145
         0.33517         5.69084
         0.33577         5.68009
         0.33637         5.66917
         0.33697         5.65808
         0.33757         5.64680
         0.33817         5.63532
         0.33877         5.62363
         0.33937         5.61172
         0.33997         5.59958
         0.34057         5.58720
         0.34117         5.57456
         0.34177         5.56166
         0.34237         5.54849
         0.34297         5.53504
         0.34357         5.52130
         0.34417         5.50727
         0.34477         5.49294
         0.34537         5.47830
         0.34597         5.46335
         0.34657         5.44808
         0.34717         5.43249
         0.34777         5.41658
         0.34837         5.40034
         0.34897         5.38377
         0.34957         5.36687
         0.35017         5.34964
         0.35077         5.33209
         0.35137         5.31420
         0.35197         5.29599
         0.35257         5.27746
         0.35317         5.25860
         0.35377         5.23942
         0.35437         5.21994
         0.35497         5.20014
         0.35557         5.18005
         0.35617         5.15965
         0.35677         5.13897
         0.35737         5.11801
         0.35797         5.09678
         0.35857         5.07528
         0.35917         5.05353
         0.35977         5.03153
         0.36037         5.00930
         0.36097         4.98684
         0.36157         4.96417
         0.36217         4.94130
         0.36277         4.91824
         0.36337         4.89501
         0.36397         4.87161
         0.36458         4.84806
         0.36518         4.82437
         0.36578         4.80056
         0.36638         4.77663
         0.36698         4.75261
         0.36758         4.72851
         0.36818         4.70434
         0.36878         4.68011
         0.36938         4.65585
         0.36998         4.63156
         0.37058         4.60726
         0.37118         4.58296
         0.37178         4.55869
         0.37238         4.53444
         0.37298         4.51025
         0.37358         4.48611
         0.37418         4.46206
         0.37478         4.43809
         0.37538         4.41423
         0.37598         4.39049
         0.37658         4.36688
         0.37718         4.34341
         0.37778         4.32011
         0.37838         4.29698
         0.37898         4.27403
         0.37958         4.25128
         0.38018         4.22874
         0.38078         4.20643
         0.38138         4.18435
         0.38198         4.16251
         0.38258         4.14093
         0.38318         4.11963
         0.38378         4.09860
         0.38438         4.07786
         0.38498         4.05742
         0.38558         4.03730
         0.38618         4.01749
         0.38678         3.99801
         0.38738         3.97887
         0.38798         3.96008
         0.38858         3.94164
         0.38918         3.92357
         0.38978         3.90587
         0.39038         3.88855
         0.39098         3.87162
         0.39158         3.85508
         0.39218         3.83894
         0.39278         3.82321
         0.39338         3.80790
         0.39398         3.79301
         0.39458         3.77855
         0.39518         3.76451
         0.39578         3.75092
         0.39638         3.73778
         0.39698         3.72508
         0.39758         3.71284
         0.39818         3.70106
         0.39878         3.68975
         0.39938         3.67891
         0.39998         3.66854
         0.40058         3.65866
         0.40118         3.64926
         0.40178         3.64035
         0.40238         3.63193
         0.40298         3.62402
         0.40358         3.61660
         0.40418         3.60970
         0.40478         3.60331
         0.40538         3.59743
         0.40598         3.59208
         0.40658         3.58725
         0.40718         3.58295
         0.40778         3.57919
         0.40838         3.57597
         0.40898         3.57329
         0.40958         3.57117
         0.41018         3.56960
         0.41078         3.56858
         0.41138         3.56814
         0.41198         3.56826
         0.41258         3.56896
         0.41318         3.57024
         0.41378         3.57211
         0.41438         3.57458
         0.41498         3.57764
         0.41558         3.58131
         0.41618         3.58560
         0.41678         3.59050
         0.41738         3.59603
         0.41798         3.60219
         0.41858         3.60900
         0.41918         3.61645
         0.41978         3.62457
         0.42038         3.63335
         0.42098         3.64280
         0.42158         3.65294
         0.42218         3.66376
         0.42278         3.67530
         0.42338         3.68754
         0.42398         3.70050
         0.42458         3.71420
         0.42518         3.72864
         0.42578         3.74383
         0.42638         3.75978
         0.42698         3.77651
         0.42758         3.79403
         0.42818         3.81235
         0.42878         3.83148
         0.42938         3.85144
         0.42998         3.87223
         0.43058         3.89387
         0.43118         3.91638
         0.43178         3.93976
         0.43238         3.96404
         0.43298         3.98922
         0.43358         4.01532
         0.43418         4.04235
         0.43478         4.07033
         0.43538         4.09928
         0.43598         4.12920
         0.43658         4.16012
         0.43718         4.19205
         0.43778         4.22501
         0.43838         4.25900
         0.43898         4.29405
         0.43958         4.33017
         0.44018         4.36738
         0.44078         4.40569
         0.44138         4.44511
         0.44198         4.48567
         0.44259         4.52737
         0.44319         4.57024
         0.44379         4.61429
         0.44439         4.65952
         0.44499         4.70596
         0.44559         4.75362
         0.44619         4.80251
         0.44679         4.85264
         0.44739         4.90403
         0.44799         4.95669
         0.44859         5.01063
         0.44919         5.06586
         0.44979         5.12240
         0.45039         5.18023
         0.45099         5.23939
         0.45159         5.29988
         0.45219         5.36169
         0.45279         5.42484
         0.45339         5.48934
         0.45399         5.55518
         0.45459         5.62237
         0.45519         5.69092
         0.45579         5.76082
         0.45639         5.83207
         0.45699         5.90467
         0.45759         5.97862
         0.45819         6.05391
         0.45879         6.13054
         0.45939         6.20851
         0.45999         6.28781
         0.46059         6.36843
         0.46119         6.45035
         0.46179         6.53358
         0.46239         6.61809
         0.46299         6.70388
         0.46359         6.79093
         0.46419         6.87923
         0.46479         6.96875
         0.46539         7.05949
         0.46599         7.15143
         0.46659         7.24453
         0.46719         7.33880
         0.46779         7.43420
         0.46839         7.53071
         0.46899         7.62830
         0.46959         7.72696
         0.47019         7.82666
         0.47079         7.92736
         0.47139         8.02905
         0.47199         8.13169
         0.47259         8.23526
         0.47319         8.33971
         0.47379         8.44501
         0.47439         8.55113
         0.47499         8.65803
         0.47559         8.76567
         0.47619         8.87401
         0.47679         8.98299
         0.47739         9.09258
         0.47799         9.20271
         0.47859         9.31334
         0.47919         9.42440
         0.47979         9.53583
         0.48039         9.64756
         0.48099         9.75951
         0.48159         9.87161
         0.48219         9.98378
         0.48279        10.09591
         0.48339        10.20792
         0.48399        10.31971
         0.48459        10.43115
         0.48519        10.54215
         0.48579        10.65256
         0.48639        10.76228
         0.48699        10.87117
         0.48759        10.97908
         0.48819        11.08587
         0.48879        11.19140
         0.48939        11.29553
         0.48999        11.39808
         0.49059        11.49893
         0.49119        11.59792
         0.49179        11.69489
         0.49239        11.78972
         0.49299        11.88226
         0.49359        11.97238
         0.49419        12.05998
         0.49479        12.14493
         0.49539        12.22715
         0.49599        12.30656
         0.49659        12.38310
         0.49719        12.45671
         0.49779        12.52736
         0.49839        12.59505
         0.49899        12.65977
         0.49959        12.72155
         0.50019        12.78043
         0.50079        12.83645
         0.50139        12.88969
         0.50199        12.94023
         0.50259        12.98817
         0.50319        13.03360
         0.50379        13.07665
         0.50439        13.11744
         0.50499        13.15610
         0.50559        13.19276
