 orbital           1 atom           1
  0.18944195  1.00000000
 -0.01597061  0.25154690
  0.29138218  0.13508105
 -0.09153059  0.20415818
  0.03337121  0.13476265
  0.17513732  0.16547401
 -0.02246874  0.18750000
  0.17358094  0.17820151
  0.06796399  0.18263348
  0.07677236  0.16974689
  0.19390160  0.22289847
  0.11373209  0.18831242
  0.17847212  0.21429786
  0.10287791  0.20896236
  0.17279177  0.19544416
  0.11616943  0.20710381
  0.08594454  0.18570633
  0.17500363  0.20476367
  0.10772967  0.18747502
  0.15247148  0.21814677
  0.00000000  0.20221280
 orbital           2 atom           1
  0.52557640  1.00000000
  0.07145931  0.15222870
  0.23262188  0.14128410
  0.07514244  0.14887869
  0.05525863  0.17296648
  0.14741952  0.16222634
  0.06403865  0.18356254
  0.13939050  0.18333289
  0.07965832  0.17706798
  0.09194913  0.18165669
  0.12980423  0.18663678
  0.09745152  0.18198303
  0.13525874  0.19893923
  0.15548095  0.20129849
  0.14693721  0.20036083
  0.14279744  0.21752858
  0.13656529  0.19196050
  0.12734868  0.20126279
  0.11665954  0.19618467
  0.13346216  0.19282234
  0.00000000  0.20177251
 orbital           3 atom           1
  0.53184966  1.00000000
  0.07036969  0.15222870
  0.23349031  0.14188899
  0.07521301  0.14863712
  0.05835535  0.17283087
  0.15417490  0.16583829
  0.06956734  0.18449926
  0.14525301  0.18697529
  0.08533402  0.17892286
  0.10634497  0.18545064
  0.14178405  0.19384461
  0.11516897  0.18682435
  0.14728609  0.20769353
  0.15100262  0.20244417
  0.14000529  0.19779137
  0.12562537  0.21095347
  0.13491639  0.18748405
  0.12756301  0.20194804
  0.12330215  0.19668573
  0.14381537  0.19781960
  0.00000000  0.20401178
 orbital           4 atom           1
  0.53812291  1.00000000
  0.06928006  0.15222870
  0.23436433  0.14249394
  0.07525982  0.14839520
  0.06107677  0.17264811
  0.15953579  0.16909929
  0.07249061  0.18468407
  0.14711327  0.18900915
  0.08448835  0.17885318
  0.10967859  0.18546537
  0.14158534  0.19536857
  0.11647967  0.18627078
  0.14973901  0.20928975
  0.14988466  0.20211058
  0.14300369  0.19863010
  0.12425566  0.21127772
  0.13761959  0.18732451
  0.12637646  0.20319468
  0.12285546  0.19536011
  0.14514046  0.19856036
  0.00000000  0.20385825
 orbital           5 atom           1
 -0.19053169  1.00000000
  0.08205084  0.02957305
  0.24221320  0.12049081
  0.23449586  0.10251878
  0.09777536  0.16648050
  0.13923768  0.15639379
  0.05983367  0.15714916
  0.10135563  0.17475354
  0.12415556  0.15509969
  0.09523233  0.19007849
  0.11613099  0.17882984
  0.13300318  0.18621155
  0.12366844  0.18919268
  0.13933318  0.19791484
  0.14697563  0.19748469
  0.12395978  0.19853698
  0.15560293  0.19793788
  0.11156123  0.19338752
  0.13925335  0.20408236
  0.14533390  0.18962820
  0.00000000  0.19971752
 orbital           6 atom           1
 -0.17879302  1.00000000
  0.26908341  0.04320296
  0.16830289  0.13916545
  0.25695304  0.10387557
  0.08786645  0.16042457
  0.15107273  0.14168213
  0.08658931  0.17123436
  0.08350395  0.17545133
  0.16907755  0.16329207
  0.08230099  0.18728212
  0.13296626  0.18114340
  0.16138602  0.20713647
  0.12701427  0.17922143
  0.15266891  0.21184102
  0.13036264  0.19728403
  0.13743398  0.19002399
  0.14041103  0.20562395
  0.10883207  0.18279058
  0.15395502  0.21243851
  0.13906100  0.18670649
  0.00000000  0.20552307
 orbital           7 atom           1
 -0.19635943  1.00000000
 -0.10776337  0.01594314
  0.32003947  0.10201969
  0.21780128  0.10359098
  0.10522519  0.17025565
  0.13102350  0.17343031
  0.03815473  0.14298679
  0.12742514  0.17765792
  0.09608829  0.15236666
  0.11899953  0.19706122
  0.11380297  0.18399345
  0.11667071  0.16987952
  0.12663283  0.20335519
  0.12400004  0.18520778
  0.15941858  0.19627406
  0.10374099  0.20299050
  0.16723568  0.18990294
  0.11846422  0.20243625
  0.12178658  0.19642936
  0.15948310  0.19527923
  0.00000000  0.19348787
 orbital           8 atom           1
 -0.17485240  1.00000000
  0.26628747  0.04320296
  0.16700202  0.14013546
  0.25804757  0.10348305
  0.09141671  0.15941610
  0.15082002  0.14400714
  0.09482388  0.17203485
  0.09124678  0.17809702
  0.18412934  0.17003838
  0.10364224  0.19241297
  0.15299629  0.19158759
  0.16653288  0.21507254
  0.13456532  0.17895110
  0.14095688  0.21238021
  0.12602620  0.19298417
  0.13799276  0.18831853
  0.14215798  0.20770809
  0.12686412  0.18525378
  0.15665719  0.21940815
  0.14712317  0.18927598
  0.00000000  0.20519631
 orbital           9 atom           1
 -0.18265044  1.00000000
  0.07787123  0.02957305
  0.24547283  0.12117933
  0.24066876  0.10473878
  0.09669363  0.16361762
  0.14179703  0.15961803
  0.06678171  0.15693981
  0.10879892  0.17826505
  0.13974360  0.16100439
  0.10814966  0.19344311
  0.13209554  0.18715445
  0.14973152  0.19311598
  0.14052074  0.19541204
  0.14279444  0.20381107
  0.14930555  0.19876450
  0.12016021  0.19611095
  0.14898187  0.19838187
  0.11498011  0.19002453
  0.13203488  0.20398788
  0.15293423  0.19154728
  0.00000000  0.19886212
 orbital          10 atom           1
  0.22384791  1.00000000
  0.03999943  0.27917052
  0.33161432  0.12795628
 -0.04662895  0.24972262
  0.14118893  0.13441659
  0.17375387  0.18197890
  0.05310435  0.22877132
  0.23143096  0.15539176
  0.05285658  0.21292502
  0.17241740  0.18105310
  0.16014842  0.19980203
  0.12398962  0.20304858
  0.14679258  0.18943008
  0.14967998  0.20147578
  0.13079532  0.18638631
  0.15861215  0.21462413
  0.14174381  0.17894859
  0.13292838  0.20901927
  0.16240810  0.19659875
  0.14625096  0.18661417
  0.00000000  0.21801745
 orbital          11 atom           1
  0.60309334  1.00000000
  0.11955423  0.17697979
  0.30528346  0.13544890
  0.07907453  0.17872553
  0.17843913  0.18419924
  0.16077592  0.17068485
  0.15108204  0.22481720
  0.19446835  0.17739661
  0.10246632  0.20553497
  0.17616171  0.19083904
  0.14696511  0.18765546
  0.12835727  0.21107494
  0.16485153  0.17596444
  0.13500105  0.21193915
  0.15707597  0.18744875
  0.14680502  0.20353835
  0.15094920  0.19465267
  0.13930049  0.19671298
  0.16292017  0.20074581
  0.13039309  0.19246576
  0.00000000  0.19923690
 orbital          12 atom           1
  0.59682009  1.00000000
  0.12067221  0.17697979
  0.30420500  0.13485421
  0.07864897  0.17915944
  0.17642410  0.18355657
  0.15308969  0.16844685
  0.15134614  0.22332164
  0.19042245  0.17613660
  0.10356659  0.20565202
  0.17333479  0.19011998
  0.14527070  0.18663249
  0.12957416  0.21125630
  0.16048532  0.17519907
  0.13646077  0.21118638
  0.15357706  0.18731937
  0.14571280  0.20215784
  0.14949864  0.19428253
  0.13610881  0.19574702
  0.16375937  0.19970865
  0.12945174  0.19316093
  0.00000000  0.19815662
 orbital          13 atom           1
  0.59054684  1.00000000
  0.12179018  0.17697979
  0.30312021  0.13425945
  0.07824751  0.17959452
  0.17463999  0.18294958
  0.14600826  0.16638230
  0.15202994  0.22206554
  0.18706514  0.17511662
  0.10554037  0.20605190
  0.17198971  0.18993377
  0.14618998  0.18646882
  0.13227648  0.21237885
  0.15926595  0.17546776
  0.13801353  0.21115987
  0.15050290  0.18727716
  0.14401970  0.20070444
  0.14766596  0.19370293
  0.13355721  0.19472236
  0.16465492  0.19905519
  0.12986253  0.19391446
  0.00000000  0.19790383
 orbital          14 atom           1
 -0.01661211  1.00000000
  0.12249297  0.04482511
  0.37088571  0.10647068
  0.18878990  0.12947974
  0.21032024  0.18672301
  0.16813277  0.15632754
  0.11953051  0.19191975
  0.18266354  0.17007367
  0.15381755  0.18640591
  0.15102890  0.20040414
  0.16468782  0.18475003
  0.12929619  0.19090439
  0.17611949  0.19352863
  0.11444344  0.18830879
  0.17783748  0.19927020
  0.13858968  0.18394408
  0.14082342  0.20780403
  0.17507148  0.18544064
  0.11993644  0.20172262
  0.16788440  0.19234331
  0.00000000  0.19387533
 orbital          15 atom           1
 -0.00534660  1.00000000
  0.31704635  0.06476271
  0.28303064  0.13078099
  0.23048826  0.12254318
  0.20076503  0.18356875
  0.16987137  0.14641089
  0.13554105  0.19718330
  0.16734953  0.18004221
  0.17667934  0.17000754
  0.12854136  0.21117509
  0.16649232  0.17931960
  0.16140119  0.19195720
  0.14663421  0.20113940
  0.13468654  0.18443175
  0.18072444  0.20166890
  0.12141878  0.18582453
  0.15973133  0.20312618
  0.16231943  0.18991374
  0.12360181  0.19727526
  0.17642794  0.19740447
  0.00000000  0.19328233
 orbital          16 atom           1
 -0.03378857  1.00000000
 -0.06928393  0.02488751
  0.45424035  0.08203920
  0.14130608  0.13476017
  0.22388332  0.18939186
  0.15871285  0.16557053
  0.10453521  0.18567445
  0.18884709  0.15791856
  0.12409874  0.19997564
  0.17020613  0.18703254
  0.15677833  0.18781403
  0.09649896  0.18933316
  0.20690550  0.18431712
  0.09467187  0.19485492
  0.18002017  0.19642911
  0.14786265  0.18237300
  0.12528936  0.21129399
  0.17955652  0.17896975
  0.11936705  0.20687090
  0.15999876  0.18586265
  0.00000000  0.19746582
 orbital          17 atom           1
 -0.00928722  1.00000000
  0.31990208  0.06476271
  0.28437722  0.12977900
  0.22740666  0.12355902
  0.20274138  0.18376794
  0.16668094  0.14463241
  0.13427109  0.19847183
  0.16816294  0.17782240
  0.17075490  0.17042497
  0.13087205  0.20998793
  0.16145642  0.17823965
  0.16086218  0.19200331
  0.14506483  0.19907786
  0.13222130  0.18518481
  0.18073572  0.19956058
  0.11892579  0.18624594
  0.15947316  0.20232090
  0.16071150  0.18893784
  0.12179631  0.19748256
  0.17525355  0.19586970
  0.00000000  0.19298737
 orbital          18 atom           1
 -0.02449336  1.00000000
  0.12669732  0.04482511
  0.36706610  0.10584849
  0.18156589  0.12834404
  0.21549280  0.18639962
  0.15906118  0.15483974
  0.12004246  0.19162941
  0.17429843  0.16685685
  0.14540187  0.18414355
  0.15148291  0.19797633
  0.15936904  0.18328181
  0.13155552  0.19165404
  0.17804618  0.19249830
  0.11245277  0.19075382
  0.18100442  0.19724553
  0.12838320  0.18386547
  0.14310573  0.20549066
  0.16693599  0.18313116
  0.12259714  0.20275884
  0.16870349  0.19053347
  0.00000000  0.19678840
 orbital           1 atom           1
  0.18944203  1.00000000
 -0.01597047  0.25154696
  0.29138237  0.13508111
 -0.09153046  0.20415823
  0.03337149  0.13476273
  0.17513752  0.16547412
 -0.02246859  0.18750003
  0.17358108  0.17820162
  0.06796404  0.18263348
  0.07677251  0.16974694
  0.19390148  0.22289849
  0.11373206  0.18831236
  0.17847218  0.21429787
  0.10287814  0.20896242
  0.17279199  0.19544427
  0.11616957  0.20710387
  0.08594469  0.18570639
  0.17500361  0.20476370
  0.10772962  0.18747498
  0.15247145  0.21814673
  0.00000000  0.20221282
 orbital           2 atom           1
  0.52557665  1.00000000
  0.07145946  0.15222876
  0.23262207  0.14128417
  0.07514262  0.14887874
  0.05525882  0.17296655
  0.14741973  0.16222642
  0.06403883  0.18356259
  0.13939068  0.18333298
  0.07965846  0.17706802
  0.09194928  0.18165675
  0.12980431  0.18663684
  0.09745155  0.18198303
  0.13525867  0.19893922
  0.15548086  0.20129844
  0.14693728  0.20036081
  0.14279764  0.21752864
  0.13656556  0.19196060
  0.12734889  0.20126290
  0.11665963  0.19618473
  0.13346213  0.19282235
  0.00000000  0.20177247
 orbital           3 atom           1
  0.53184990  1.00000000
  0.07036984  0.15222876
  0.23349051  0.14188906
  0.07521318  0.14863717
  0.05835555  0.17283095
  0.15417510  0.16583837
  0.06956750  0.18449931
  0.14525317  0.18697537
  0.08533413  0.17892289
  0.10634507  0.18545069
  0.14178407  0.19384463
  0.11516895  0.18682433
  0.14728607  0.20769351
  0.15100269  0.20244417
  0.14000549  0.19779142
  0.12562557  0.21095356
  0.13491657  0.18748412
  0.12756310  0.20194810
  0.12330216  0.19668575
  0.14381533  0.19781958
  0.00000000  0.20401176
 orbital           4 atom           1
  0.53812316  1.00000000
  0.06928021  0.15222876
  0.23436452  0.14249401
  0.07526000  0.14839526
  0.06107697  0.17264818
  0.15953599  0.16909937
  0.07249077  0.18468412
  0.14711342  0.18900923
  0.08448847  0.17885321
  0.10967870  0.18546541
  0.14158537  0.19536859
  0.11647967  0.18627077
  0.14973899  0.20928974
  0.14988473  0.20211058
  0.14300388  0.19863015
  0.12425586  0.21127781
  0.13761977  0.18732458
  0.12637656  0.20319474
  0.12285547  0.19536012
  0.14514042  0.19856034
  0.00000000  0.20385823
 orbital           5 atom           1
 -0.19053162  1.00000000
  0.08205100  0.02957306
  0.24221340  0.12049087
  0.23449607  0.10251883
  0.09777550  0.16648055
  0.13923788  0.15639386
  0.05983385  0.15714922
  0.10135579  0.17475361
  0.12415576  0.15509976
  0.09523238  0.19007853
  0.11613105  0.17882986
  0.13300318  0.18621155
  0.12366842  0.18919266
  0.13933319  0.19791483
  0.14697569  0.19748470
  0.12395995  0.19853703
  0.15560311  0.19793796
  0.11156141  0.19338759
  0.13925342  0.20408241
  0.14533392  0.18962821
  0.00000000  0.19971751
 orbital           6 atom           1
 -0.17879295  1.00000000
  0.26908360  0.04320297
  0.16830308  0.13916551
  0.25695325  0.10387562
  0.08786659  0.16042461
  0.15107296  0.14168221
  0.08658944  0.17123441
  0.08350411  0.17545138
  0.16907769  0.16329214
  0.08230100  0.18728212
  0.13296629  0.18114341
  0.16138595  0.20713645
  0.12701431  0.17922141
  0.15266902  0.21184105
  0.13036284  0.19728408
  0.13743421  0.19002407
  0.14041114  0.20562403
  0.10883216  0.18279061
  0.15395500  0.21243853
  0.13906099  0.18670647
  0.00000000  0.20552308
 orbital           7 atom           1
 -0.19635935  1.00000000
 -0.10776324  0.01594314
  0.32003968  0.10201975
  0.21780149  0.10359103
  0.10522532  0.17025571
  0.13102367  0.17343038
  0.03815496  0.14298684
  0.12742528  0.17765800
  0.09608851  0.15236672
  0.11899959  0.19706128
  0.11380301  0.18399345
  0.11667076  0.16987953
  0.12663279  0.20335519
  0.12400004  0.18520777
  0.15941859  0.19627405
  0.10374112  0.20299052
  0.16723589  0.18990301
  0.11846442  0.20243634
  0.12178672  0.19642943
  0.15948314  0.19527926
  0.00000000  0.19348786
 orbital           8 atom           1
 -0.17485232  1.00000000
  0.26628766  0.04320297
  0.16700221  0.14013552
  0.25804778  0.10348311
  0.09141685  0.15941614
  0.15082024  0.14400721
  0.09482400  0.17203490
  0.09124691  0.17809706
  0.18412941  0.17003843
  0.10364219  0.19241295
  0.15299630  0.19158758
  0.16653292  0.21507253
  0.13456549  0.17895114
  0.14095707  0.21238030
  0.12602638  0.19298425
  0.13799290  0.18831859
  0.14215797  0.20770811
  0.12686412  0.18525377
  0.15665720  0.21940814
  0.14712327  0.18927600
  0.00000000  0.20519637
 orbital           9 atom           1
 -0.18265037  1.00000000
  0.07787139  0.02957306
  0.24547303  0.12117938
  0.24066897  0.10473883
  0.09669377  0.16361767
  0.14179723  0.15961810
  0.06678189  0.15693987
  0.10879908  0.17826512
  0.13974378  0.16100445
  0.10814968  0.19344314
  0.13209557  0.18715445
  0.14973150  0.19311597
  0.14052075  0.19541203
  0.14279452  0.20381109
  0.14930567  0.19876453
  0.12016040  0.19611101
  0.14898201  0.19838194
  0.11498023  0.19002458
  0.13203491  0.20398791
  0.15293422  0.19154728
  0.00000000  0.19886211
 orbital          10 atom           1
  0.22384794  1.00000000
  0.03999950  0.27917055
  0.33161440  0.12795630
 -0.04662888  0.24972265
  0.14118908  0.13441662
  0.17375393  0.18197894
  0.05310442  0.22877134
  0.23143106  0.15539179
  0.05285662  0.21292503
  0.17241758  0.18105314
  0.16014845  0.19980207
  0.12398971  0.20304860
  0.14679268  0.18943012
  0.14968006  0.20147580
  0.13079545  0.18638636
  0.15861218  0.21462415
  0.14174394  0.17894861
  0.13292847  0.20901932
  0.16240818  0.19659877
  0.14625106  0.18661421
  0.00000000  0.21801746
 orbital          11 atom           1
  0.60309345  1.00000000
  0.11955430  0.17697982
  0.30528356  0.13544892
  0.07907460  0.17872556
  0.17843925  0.18419927
  0.16077600  0.17068488
  0.15108213  0.22481723
  0.19446845  0.17739664
  0.10246639  0.20553500
  0.17616184  0.19083908
  0.14696521  0.18765550
  0.12835736  0.21107498
  0.16485165  0.17596447
  0.13500109  0.21193918
  0.15707605  0.18744876
  0.14680509  0.20353838
  0.15094929  0.19465270
  0.13930063  0.19671302
  0.16292027  0.20074586
  0.13039321  0.19246579
  0.00000000  0.19923694
 orbital          12 atom           1
  0.59682020  1.00000000
  0.12067228  0.17697982
  0.30420510  0.13485423
  0.07864904  0.17915947
  0.17642421  0.18355660
  0.15308977  0.16844688
  0.15134622  0.22332168
  0.19042256  0.17613663
  0.10356665  0.20565204
  0.17333491  0.19012001
  0.14527080  0.18663253
  0.12957425  0.21125633
  0.16048544  0.17519910
  0.13646083  0.21118641
  0.15357714  0.18731939
  0.14571287  0.20215787
  0.14949872  0.19428255
  0.13610893  0.19574705
  0.16375946  0.19970869
  0.12945186  0.19316095
  0.00000000  0.19815667
 orbital          13 atom           1
  0.59054695  1.00000000
  0.12179026  0.17697982
  0.30312031  0.13425947
  0.07824759  0.17959455
  0.17464011  0.18294960
  0.14600835  0.16638233
  0.15203002  0.22206557
  0.18706524  0.17511665
  0.10554043  0.20605193
  0.17198982  0.18993380
  0.14619006  0.18646885
  0.13227656  0.21237888
  0.15926606  0.17546779
  0.13801360  0.21115990
  0.15050301  0.18727718
  0.14401978  0.20070448
  0.14766603  0.19370296
  0.13355732  0.19472239
  0.16465500  0.19905523
  0.12986263  0.19391448
  0.00000000  0.19790387
 orbital          14 atom           1
 -0.01661203  1.00000000
  0.12249304  0.04482512
  0.37088582  0.10647069
  0.18878996  0.12947977
  0.21032033  0.18672303
  0.16813285  0.15632756
  0.11953060  0.19191978
  0.18266364  0.17007370
  0.15381765  0.18640594
  0.15102899  0.20040418
  0.16468793  0.18475006
  0.12929631  0.19090444
  0.17611959  0.19352867
  0.11444351  0.18830882
  0.17783755  0.19927023
  0.13858973  0.18394409
  0.14082353  0.20780405
  0.17507159  0.18544067
  0.11993655  0.20172266
  0.16788453  0.19234336
  0.00000000  0.19387536
 orbital          15 atom           1
 -0.00534651  1.00000000
  0.31704644  0.06476272
  0.28303075  0.13078101
  0.23048833  0.12254320
  0.20076511  0.18356877
  0.16987147  0.14641092
  0.13554112  0.19718334
  0.16734963  0.18004223
  0.17667944  0.17000758
  0.12854143  0.21117512
  0.16649244  0.17931962
  0.16140128  0.19195725
  0.14663429  0.20113942
  0.13468666  0.18443178
  0.18072451  0.20166893
  0.12141887  0.18582456
  0.15973145  0.20312622
  0.16231950  0.18991376
  0.12360191  0.19727529
  0.17642804  0.19740451
  0.00000000  0.19328235
 orbital          16 atom           1
 -0.03378848  1.00000000
 -0.06928387  0.02488751
  0.45424047  0.08203921
  0.14130613  0.13476020
  0.22388342  0.18939188
  0.15871292  0.16557055
  0.10453532  0.18567448
  0.18884718  0.15791859
  0.12409884  0.19997567
  0.17020624  0.18703257
  0.15677842  0.18781406
  0.09649908  0.18933319
  0.20690560  0.18431717
  0.09467191  0.19485493
  0.18002026  0.19642913
  0.14786269  0.18237302
  0.12528948  0.21129402
  0.17955665  0.17896980
  0.11936713  0.20687094
  0.15999888  0.18586268
  0.00000000  0.19746586
 orbital          17 atom           1
 -0.00928714  1.00000000
  0.31990217  0.06476272
  0.28437733  0.12977902
  0.22740673  0.12355905
  0.20274146  0.18376796
  0.16668105  0.14463244
  0.13427117  0.19847186
  0.16816304  0.17782242
  0.17075500  0.17042501
  0.13087212  0.20998796
  0.16145653  0.17823968
  0.16086227  0.19200335
  0.14506490  0.19907788
  0.13222141  0.18518484
  0.18073579  0.19956061
  0.11892587  0.18624596
  0.15947328  0.20232094
  0.16071157  0.18893787
  0.12179642  0.19748259
  0.17525365  0.19586973
  0.00000000  0.19298739
 orbital          18 atom           1
 -0.02449328  1.00000000
  0.12669739  0.04482512
  0.36706621  0.10584850
  0.18156595  0.12834406
  0.21549290  0.18639965
  0.15906126  0.15483977
  0.12004255  0.19162944
  0.17429852  0.16685688
  0.14540197  0.18414358
  0.15148299  0.19797636
  0.15936913  0.18328183
  0.13155562  0.19165408
  0.17804627  0.19249833
  0.11245286  0.19075385
  0.18100451  0.19724556
  0.12838326  0.18386549
  0.14310584  0.20549069
  0.16693607  0.18313119
  0.12259722  0.20275887
  0.16870359  0.19053350
  0.00000000  0.19678844
 orbital           1 atom           1
  0.18944200  1.00000000
 -0.01597052  0.25154693
  0.29138229  0.13508109
 -0.09153051  0.20415821
  0.03337137  0.13476270
  0.17513744  0.16547407
 -0.02246865  0.18750001
  0.17358102  0.17820158
  0.06796402  0.18263348
  0.07677247  0.16974692
  0.19390153  0.22289849
  0.11373209  0.18831239
  0.17847216  0.21429787
  0.10287805  0.20896240
  0.17279190  0.19544424
  0.11616950  0.20710384
  0.08594464  0.18570637
  0.17500363  0.20476370
  0.10772967  0.18747500
  0.15247146  0.21814676
  0.00000000  0.20221282
 orbital           2 atom           1
  0.52557655  1.00000000
  0.07145940  0.15222874
  0.23262199  0.14128414
  0.07514255  0.14887872
  0.05525874  0.17296652
  0.14741965  0.16222639
  0.06403876  0.18356257
  0.13939060  0.18333294
  0.07965841  0.17706801
  0.09194922  0.18165672
  0.12980428  0.18663682
  0.09745155  0.18198304
  0.13525872  0.19893923
  0.15548091  0.20129847
  0.14693727  0.20036082
  0.14279755  0.21752862
  0.13656545  0.19196056
  0.12734880  0.20126285
  0.11665960  0.19618471
  0.13346216  0.19282235
  0.00000000  0.20177249
 orbital           3 atom           1
  0.53184980  1.00000000
  0.07036978  0.15222874
  0.23349043  0.14188903
  0.07521312  0.14863715
  0.05835547  0.17283092
  0.15417502  0.16583834
  0.06956744  0.18449929
  0.14525310  0.18697534
  0.08533409  0.17892288
  0.10634503  0.18545067
  0.14178407  0.19384463
  0.11516897  0.18682434
  0.14728609  0.20769353
  0.15100267  0.20244418
  0.14000541  0.19779140
  0.12562548  0.21095353
  0.13491650  0.18748409
  0.12756307  0.20194808
  0.12330217  0.19668575
  0.14381536  0.19781960
  0.00000000  0.20401177
 orbital           4 atom           1
  0.53812306  1.00000000
  0.06928015  0.15222874
  0.23436445  0.14249398
  0.07525993  0.14839523
  0.06107689  0.17264815
  0.15953591  0.16909934
  0.07249071  0.18468409
  0.14711335  0.18900920
  0.08448842  0.17885320
  0.10967866  0.18546540
  0.14158536  0.19536859
  0.11647969  0.18627078
  0.14973901  0.20928975
  0.14988471  0.20211059
  0.14300381  0.19863014
  0.12425577  0.21127777
  0.13761970  0.18732456
  0.12637652  0.20319472
  0.12285547  0.19536012
  0.14514045  0.19856036
  0.00000000  0.20385824
 orbital           5 atom           1
 -0.19053166  1.00000000
  0.08205093  0.02957305
  0.24221332  0.12049085
  0.23449599  0.10251881
  0.09777544  0.16648053
  0.13923780  0.15639383
  0.05983378  0.15714919
  0.10135572  0.17475358
  0.12415569  0.15509973
  0.09523236  0.19007852
  0.11613104  0.17882986
  0.13300319  0.18621156
  0.12366844  0.18919267
  0.13933319  0.19791484
  0.14697567  0.19748470
  0.12395988  0.19853701
  0.15560303  0.19793793
  0.11156134  0.19338756
  0.13925339  0.20408240
  0.14533393  0.18962821
  0.00000000  0.19971752
 orbital           6 atom           1
 -0.17879298  1.00000000
  0.26908352  0.04320297
  0.16830300  0.13916549
  0.25695317  0.10387560
  0.08786653  0.16042459
  0.15107287  0.14168218
  0.08658939  0.17123439
  0.08350404  0.17545136
  0.16907764  0.16329212
  0.08230100  0.18728212
  0.13296629  0.18114341
  0.16138598  0.20713647
  0.12701432  0.17922142
  0.15266897  0.21184104
  0.13036276  0.19728406
  0.13743413  0.19002404
  0.14041109  0.20562400
  0.10883214  0.18279060
  0.15395500  0.21243853
  0.13906102  0.18670648
  0.00000000  0.20552308
 orbital           7 atom           1
 -0.19635939  1.00000000
 -0.10776330  0.01594314
  0.32003959  0.10201973
  0.21780141  0.10359101
  0.10522527  0.17025569
  0.13102360  0.17343035
  0.03815487  0.14298682
  0.12742522  0.17765797
  0.09608843  0.15236670
  0.11899956  0.19706126
  0.11380300  0.18399345
  0.11667076  0.16987953
  0.12663281  0.20335519
  0.12400005  0.18520778
  0.15941860  0.19627406
  0.10374106  0.20299052
  0.16723581  0.18990299
  0.11846434  0.20243630
  0.12178667  0.19642940
  0.15948313  0.19527926
  0.00000000  0.19348786
 orbital           8 atom           1
 -0.17485236  1.00000000
  0.26628758  0.04320297
  0.16700213  0.14013550
  0.25804770  0.10348308
  0.09141679  0.15941613
  0.15082015  0.14400718
  0.09482395  0.17203488
  0.09124686  0.17809705
  0.18412939  0.17003841
  0.10364222  0.19241296
  0.15299631  0.19158759
  0.16653290  0.21507254
  0.13456544  0.17895112
  0.14095699  0.21238026
  0.12602631  0.19298422
  0.13799286  0.18831857
  0.14215798  0.20770811
  0.12686415  0.18525377
  0.15665719  0.21940816
  0.14712325  0.18927599
  0.00000000  0.20519635
 orbital           9 atom           1
 -0.18265040  1.00000000
  0.07787132  0.02957305
  0.24547294  0.12117936
  0.24066889  0.10473881
  0.09669372  0.16361765
  0.14179714  0.15961807
  0.06678182  0.15693984
  0.10879901  0.17826509
  0.13974371  0.16100443
  0.10814968  0.19344313
  0.13209557  0.18715446
  0.14973152  0.19311598
  0.14052076  0.19541204
  0.14279449  0.20381108
  0.14930562  0.19876452
  0.12016033  0.19611099
  0.14898195  0.19838192
  0.11498019  0.19002456
  0.13203489  0.20398791
  0.15293424  0.19154729
  0.00000000  0.19886212
 orbital          10 atom           1
  0.22384793  1.00000000
  0.03999947  0.27917054
  0.33161438  0.12795630
 -0.04662891  0.24972264
  0.14118903  0.13441661
  0.17375392  0.18197893
  0.05310439  0.22877133
  0.23143103  0.15539179
  0.05285661  0.21292503
  0.17241751  0.18105314
  0.16014845  0.19980206
  0.12398967  0.20304860
  0.14679265  0.18943011
  0.14968003  0.20147580
  0.13079541  0.18638634
  0.15861216  0.21462415
  0.14174390  0.17894861
  0.13292844  0.20901930
  0.16240815  0.19659876
  0.14625104  0.18661420
  0.00000000  0.21801746
 orbital          11 atom           1
  0.60309342  1.00000000
  0.11955428  0.17697982
  0.30528352  0.13544891
  0.07907458  0.17872555
  0.17843921  0.18419926
  0.16077598  0.17068487
  0.15108209  0.22481722
  0.19446842  0.17739663
  0.10246636  0.20553499
  0.17616179  0.19083907
  0.14696518  0.18765549
  0.12835732  0.21107497
  0.16485162  0.17596446
  0.13500107  0.21193917
  0.15707603  0.18744876
  0.14680507  0.20353837
  0.15094926  0.19465269
  0.13930058  0.19671300
  0.16292023  0.20074585
  0.13039316  0.19246578
  0.00000000  0.19923693
 orbital          12 atom           1
  0.59682016  1.00000000
  0.12067225  0.17697982
  0.30420506  0.13485423
  0.07864902  0.17915946
  0.17642417  0.18355660
  0.15308975  0.16844688
  0.15134619  0.22332167
  0.19042253  0.17613662
  0.10356663  0.20565204
  0.17333486  0.19012001
  0.14527077  0.18663252
  0.12957421  0.21125632
  0.16048540  0.17519909
  0.13646080  0.21118640
  0.15357712  0.18731939
  0.14571284  0.20215786
  0.14949870  0.19428255
  0.13610889  0.19574704
  0.16375943  0.19970868
  0.12945181  0.19316094
  0.00000000  0.19815665
 orbital          13 atom           1
  0.59054691  1.00000000
  0.12179023  0.17697982
  0.30312028  0.13425947
  0.07824756  0.17959454
  0.17464006  0.18294960
  0.14600832  0.16638232
  0.15202999  0.22206557
  0.18706521  0.17511664
  0.10554041  0.20605192
  0.17198978  0.18993379
  0.14619004  0.18646884
  0.13227653  0.21237887
  0.15926603  0.17546778
  0.13801357  0.21115989
  0.15050297  0.18727718
  0.14401975  0.20070447
  0.14766601  0.19370295
  0.13355728  0.19472238
  0.16465497  0.19905522
  0.12986259  0.19391448
  0.00000000  0.19790386
 orbital          14 atom           1
 -0.01661207  1.00000000
  0.12249302  0.04482512
  0.37088578  0.10647069
  0.18878994  0.12947976
  0.21032029  0.18672303
  0.16813283  0.15632756
  0.11953056  0.19191977
  0.18266361  0.17007369
  0.15381761  0.18640593
  0.15102896  0.20040417
  0.16468789  0.18475005
  0.12929627  0.19090442
  0.17611955  0.19352866
  0.11444350  0.18830881
  0.17783752  0.19927023
  0.13858972  0.18394409
  0.14082348  0.20780405
  0.17507155  0.18544066
  0.11993651  0.20172264
  0.16788448  0.19234335
  0.00000000  0.19387535
 orbital          15 atom           1
 -0.00534655  1.00000000
  0.31704641  0.06476272
  0.28303071  0.13078101
  0.23048831  0.12254320
  0.20076508  0.18356877
  0.16987144  0.14641091
  0.13554109  0.19718333
  0.16734959  0.18004222
  0.17667941  0.17000757
  0.12854140  0.21117511
  0.16649240  0.17931962
  0.16140125  0.19195723
  0.14663426  0.20113942
  0.13468662  0.18443177
  0.18072448  0.20166893
  0.12141884  0.18582455
  0.15973140  0.20312621
  0.16231948  0.18991376
  0.12360187  0.19727528
  0.17642800  0.19740450
  0.00000000  0.19328235
 orbital          16 atom           1
 -0.03378853  1.00000000
 -0.06928389  0.02488751
  0.45424043  0.08203921
  0.14130612  0.13476019
  0.22388337  0.18939188
  0.15871290  0.16557055
  0.10453528  0.18567447
  0.18884715  0.15791858
  0.12409880  0.19997566
  0.17020620  0.18703256
  0.15677839  0.18781405
  0.09649904  0.18933318
  0.20690557  0.18431716
  0.09467190  0.19485492
  0.18002022  0.19642913
  0.14786269  0.18237302
  0.12528942  0.21129401
  0.17955661  0.17896979
  0.11936709  0.20687092
  0.15999884  0.18586267
  0.00000000  0.19746585
 orbital          17 atom           1
 -0.00928718  1.00000000
  0.31990214  0.06476272
  0.28437729  0.12977901
  0.22740671  0.12355904
  0.20274143  0.18376796
  0.16668102  0.14463243
  0.13427114  0.19847185
  0.16816300  0.17782242
  0.17075497  0.17042500
  0.13087209  0.20998795
  0.16145649  0.17823967
  0.16086224  0.19200334
  0.14506487  0.19907788
  0.13222137  0.18518483
  0.18073576  0.19956061
  0.11892585  0.18624595
  0.15947323  0.20232093
  0.16071155  0.18893786
  0.12179638  0.19748258
  0.17525362  0.19586973
  0.00000000  0.19298739
 orbital          18 atom           1
 -0.02449332  1.00000000
  0.12669736  0.04482512
  0.36706617  0.10584850
  0.18156593  0.12834405
  0.21549286  0.18639964
  0.15906124  0.15483976
  0.12004251  0.19162943
  0.17429849  0.16685687
  0.14540194  0.18414357
  0.15148296  0.19797636
  0.15936910  0.18328183
  0.13155559  0.19165406
  0.17804624  0.19249833
  0.11245283  0.19075384
  0.18100447  0.19724556
  0.12838325  0.18386548
  0.14310579  0.20549069
  0.16693605  0.18313118
  0.12259718  0.20275886
  0.16870356  0.19053350
  0.00000000  0.19678842
 orbital           1 atom           1
  0.18944195  1.00000000
 -0.01597060  0.25154690
  0.29138219  0.13508105
 -0.09153058  0.20415818
  0.03337122  0.13476265
  0.17513733  0.16547401
 -0.02246873  0.18750000
  0.17358096  0.17820152
  0.06796400  0.18263349
  0.07677239  0.16974690
  0.19390161  0.22289848
  0.11373211  0.18831242
  0.17847213  0.21429787
  0.10287793  0.20896236
  0.17279178  0.19544417
  0.11616943  0.20710381
  0.08594456  0.18570634
  0.17500365  0.20476368
  0.10772970  0.18747502
  0.15247149  0.21814678
  0.00000000  0.20221280
 orbital           2 atom           1
  0.52557641  1.00000000
  0.07145932  0.15222870
  0.23262189  0.14128410
  0.07514245  0.14887869
  0.05525864  0.17296648
  0.14741953  0.16222634
  0.06403866  0.18356254
  0.13939051  0.18333289
  0.07965833  0.17706798
  0.09194914  0.18165669
  0.12980424  0.18663679
  0.09745154  0.18198303
  0.13525876  0.19893924
  0.15548096  0.20129849
  0.14693722  0.20036083
  0.14279744  0.21752858
  0.13656530  0.19196050
  0.12734869  0.20126280
  0.11665956  0.19618467
  0.13346218  0.19282235
  0.00000000  0.20177252
 orbital           3 atom           1
  0.53184967  1.00000000
  0.07036969  0.15222870
  0.23349032  0.14188900
  0.07521302  0.14863712
  0.05835537  0.17283088
  0.15417491  0.16583829
  0.06956735  0.18449926
  0.14525302  0.18697529
  0.08533403  0.17892286
  0.10634498  0.18545065
  0.14178406  0.19384461
  0.11516898  0.18682435
  0.14728610  0.20769354
  0.15100264  0.20244418
  0.14000530  0.19779137
  0.12562538  0.21095347
  0.13491640  0.18748405
  0.12756302  0.20194805
  0.12330217  0.19668574
  0.14381539  0.19781961
  0.00000000  0.20401178
 orbital           4 atom           1
  0.53812292  1.00000000
  0.06928007  0.15222870
  0.23436434  0.14249394
  0.07525983  0.14839520
  0.06107678  0.17264811
  0.15953580  0.16909929
  0.07249062  0.18468407
  0.14711328  0.18900915
  0.08448836  0.17885318
  0.10967861  0.18546537
  0.14158536  0.19536857
  0.11647969  0.18627078
  0.14973903  0.20928976
  0.14988468  0.20211059
  0.14300370  0.19863011
  0.12425567  0.21127772
  0.13761960  0.18732451
  0.12637647  0.20319468
  0.12285548  0.19536011
  0.14514048  0.19856037
  0.00000000  0.20385825
 orbital           5 atom           1
 -0.19053169  1.00000000
  0.08205085  0.02957305
  0.24221322  0.12049082
  0.23449587  0.10251878
  0.09777537  0.16648051
  0.13923769  0.15639379
  0.05983368  0.15714917
  0.10135564  0.17475354
  0.12415557  0.15509970
  0.09523234  0.19007849
  0.11613101  0.17882985
  0.13300320  0.18621156
  0.12366846  0.18919268
  0.13933320  0.19791485
  0.14697564  0.19748470
  0.12395979  0.19853699
  0.15560294  0.19793789
  0.11156124  0.19338753
  0.13925336  0.20408236
  0.14533392  0.18962820
  0.00000000  0.19971752
 orbital           6 atom           1
 -0.17879301  1.00000000
  0.26908342  0.04320296
  0.16830290  0.13916546
  0.25695305  0.10387557
  0.08786646  0.16042457
  0.15107274  0.14168213
  0.08658931  0.17123436
  0.08350396  0.17545133
  0.16907756  0.16329208
  0.08230100  0.18728213
  0.13296628  0.18114340
  0.16138603  0.20713648
  0.12701430  0.17922144
  0.15266892  0.21184103
  0.13036266  0.19728403
  0.13743400  0.19002399
  0.14041103  0.20562395
  0.10883209  0.18279058
  0.15395503  0.21243852
  0.13906102  0.18670649
  0.00000000  0.20552308
 orbital           7 atom           1
 -0.19635942  1.00000000
 -0.10776336  0.01594314
  0.32003948  0.10201970
  0.21780129  0.10359098
  0.10522520  0.17025566
  0.13102351  0.17343032
  0.03815475  0.14298679
  0.12742515  0.17765792
  0.09608830  0.15236667
  0.11899954  0.19706122
  0.11380299  0.18399345
  0.11667073  0.16987953
  0.12663285  0.20335520
  0.12400006  0.18520779
  0.15941860  0.19627407
  0.10374100  0.20299051
  0.16723570  0.18990295
  0.11846423  0.20243625
  0.12178660  0.19642936
  0.15948311  0.19527923
  0.00000000  0.19348787
 orbital           8 atom           1
 -0.17485239  1.00000000
  0.26628748  0.04320296
  0.16700203  0.14013546
  0.25804758  0.10348305
  0.09141671  0.15941610
  0.15082003  0.14400714
  0.09482389  0.17203485
  0.09124680  0.17809702
  0.18412936  0.17003838
  0.10364225  0.19241298
  0.15299631  0.19158760
  0.16653289  0.21507255
  0.13456534  0.17895110
  0.14095689  0.21238022
  0.12602621  0.19298418
  0.13799278  0.18831853
  0.14215799  0.20770809
  0.12686414  0.18525378
  0.15665720  0.21940816
  0.14712319  0.18927599
  0.00000000  0.20519631
 orbital           9 atom           1
 -0.18265043  1.00000000
  0.07787124  0.02957305
  0.24547284  0.12117933
  0.24066877  0.10473878
  0.09669364  0.16361763
  0.14179704  0.15961803
  0.06678172  0.15693982
  0.10879893  0.17826505
  0.13974361  0.16100439
  0.10814967  0.19344311
  0.13209556  0.18715445
  0.14973154  0.19311598
  0.14052076  0.19541205
  0.14279445  0.20381107
  0.14930556  0.19876450
  0.12016022  0.19611095
  0.14898188  0.19838188
  0.11498012  0.19002454
  0.13203489  0.20398789
  0.15293424  0.19154729
  0.00000000  0.19886212
 orbital          10 atom           1
  0.22384792  1.00000000
  0.03999944  0.27917053
  0.33161433  0.12795629
 -0.04662894  0.24972263
  0.14118895  0.13441660
  0.17375388  0.18197891
  0.05310436  0.22877132
  0.23143097  0.15539177
  0.05285658  0.21292502
  0.17241743  0.18105311
  0.16014843  0.19980204
  0.12398963  0.20304859
  0.14679260  0.18943009
  0.14967999  0.20147578
  0.13079534  0.18638632
  0.15861216  0.21462413
  0.14174383  0.17894860
  0.13292839  0.20901928
  0.16240811  0.19659875
  0.14625098  0.18661418
  0.00000000  0.21801745
 orbital          11 atom           1
  0.60309336  1.00000000
  0.11955424  0.17697980
  0.30528348  0.13544890
  0.07907454  0.17872553
  0.17843915  0.18419925
  0.16077593  0.17068485
  0.15108205  0.22481721
  0.19446836  0.17739661
  0.10246633  0.20553498
  0.17616173  0.19083905
  0.14696513  0.18765547
  0.12835728  0.21107495
  0.16485155  0.17596444
  0.13500106  0.21193916
  0.15707599  0.18744875
  0.14680504  0.20353835
  0.15094921  0.19465268
  0.13930051  0.19671298
  0.16292018  0.20074582
  0.13039311  0.19246576
  0.00000000  0.19923691
 orbital          12 atom           1
  0.59682011  1.00000000
  0.12067222  0.17697980
  0.30420502  0.13485421
  0.07864898  0.17915944
  0.17642411  0.18355658
  0.15308970  0.16844686
  0.15134615  0.22332165
  0.19042247  0.17613660
  0.10356660  0.20565202
  0.17333480  0.19011999
  0.14527072  0.18663250
  0.12957417  0.21125630
  0.16048534  0.17519907
  0.13646078  0.21118638
  0.15357707  0.18731938
  0.14571281  0.20215785
  0.14949865  0.19428253
  0.13610882  0.19574702
  0.16375938  0.19970865
  0.12945176  0.19316093
  0.00000000  0.19815663
 orbital          13 atom           1
  0.59054685  1.00000000
  0.12179019  0.17697980
  0.30312023  0.13425946
  0.07824752  0.17959453
  0.17464001  0.18294958
  0.14600828  0.16638230
  0.15202995  0.22206555
  0.18706516  0.17511663
  0.10554038  0.20605190
  0.17198972  0.18993377
  0.14618999  0.18646882
  0.13227649  0.21237886
  0.15926596  0.17546776
  0.13801354  0.21115987
  0.15050292  0.18727716
  0.14401971  0.20070445
  0.14766597  0.19370294
  0.13355723  0.19472237
  0.16465493  0.19905520
  0.12986254  0.19391447
  0.00000000  0.19790384
 orbital          14 atom           1
 -0.01661210  1.00000000
  0.12249298  0.04482511
  0.37088572  0.10647068
  0.18878991  0.12947975
  0.21032025  0.18672301
  0.16813278  0.15632754
  0.11953052  0.19191975
  0.18266355  0.17007367
  0.15381756  0.18640591
  0.15102891  0.20040415
  0.16468783  0.18475003
  0.12929621  0.19090440
  0.17611950  0.19352864
  0.11444346  0.18830880
  0.17783749  0.19927021
  0.13858969  0.18394409
  0.14082344  0.20780403
  0.17507149  0.18544064
  0.11993645  0.20172262
  0.16788442  0.19234332
  0.00000000  0.19387533
 orbital          15 atom           1
 -0.00534659  1.00000000
  0.31704636  0.06476272
  0.28303065  0.13078100
  0.23048827  0.12254318
  0.20076504  0.18356875
  0.16987139  0.14641090
  0.13554106  0.19718331
  0.16734955  0.18004221
  0.17667935  0.17000755
  0.12854137  0.21117510
  0.16649234  0.17931961
  0.16140121  0.19195721
  0.14663422  0.20113941
  0.13468656  0.18443175
  0.18072445  0.20166891
  0.12141880  0.18582454
  0.15973134  0.20312619
  0.16231944  0.18991374
  0.12360182  0.19727526
  0.17642796  0.19740448
  0.00000000  0.19328234
 orbital          16 atom           1
 -0.03378856  1.00000000
 -0.06928392  0.02488751
  0.45424037  0.08203920
  0.14130609  0.13476017
  0.22388333  0.18939186
  0.15871286  0.16557054
  0.10453523  0.18567445
  0.18884710  0.15791856
  0.12409875  0.19997565
  0.17020614  0.18703254
  0.15677834  0.18781403
  0.09649898  0.18933316
  0.20690552  0.18431713
  0.09467188  0.19485492
  0.18002018  0.19642912
  0.14786266  0.18237301
  0.12528937  0.21129400
  0.17955653  0.17896976
  0.11936705  0.20687090
  0.15999877  0.18586265
  0.00000000  0.19746583
 orbital          17 atom           1
 -0.00928721  1.00000000
  0.31990210  0.06476272
  0.28437724  0.12977900
  0.22740667  0.12355902
  0.20274139  0.18376794
  0.16668096  0.14463242
  0.13427110  0.19847183
  0.16816295  0.17782241
  0.17075491  0.17042498
  0.13087206  0.20998793
  0.16145643  0.17823966
  0.16086219  0.19200331
  0.14506484  0.19907786
  0.13222131  0.18518481
  0.18073573  0.19956059
  0.11892580  0.18624594
  0.15947318  0.20232091
  0.16071151  0.18893784
  0.12179632  0.19748256
  0.17525357  0.19586970
  0.00000000  0.19298737
 orbital          18 atom           1
 -0.02449336  1.00000000
  0.12669733  0.04482511
  0.36706612  0.10584849
  0.18156590  0.12834404
  0.21549282  0.18639963
  0.15906119  0.15483975
  0.12004247  0.19162942
  0.17429844  0.16685686
  0.14540189  0.18414355
  0.15148292  0.19797634
  0.15936905  0.18328181
  0.13155554  0.19165404
  0.17804619  0.19249831
  0.11245278  0.19075383
  0.18100443  0.19724554
  0.12838321  0.18386547
  0.14310574  0.20549067
  0.16693600  0.18313116
  0.12259715  0.20275884
  0.16870350  0.19053348
  0.00000000  0.19678841
 orbital           1 atom           1
  0.18944195  1.00000000
 -0.01597061  0.25154690
  0.29138217  0.13508105
 -0.09153060  0.20415818
  0.03337119  0.13476265
  0.17513731  0.16547400
 -0.02246874  0.18750000
  0.17358094  0.17820151
  0.06796399  0.18263349
  0.07677237  0.16974689
  0.19390161  0.22289847
  0.11373210  0.18831243
  0.17847212  0.21429786
  0.10287790  0.20896236
  0.17279176  0.19544416
  0.11616942  0.20710380
  0.08594454  0.18570633
  0.17500364  0.20476367
  0.10772969  0.18747502
  0.15247149  0.21814678
  0.00000000  0.20221280
 orbital           2 atom           1
  0.52557639  1.00000000
  0.07145931  0.15222870
  0.23262187  0.14128410
  0.07514243  0.14887869
  0.05525862  0.17296647
  0.14741951  0.16222634
  0.06403865  0.18356254
  0.13939049  0.18333288
  0.07965831  0.17706798
  0.09194912  0.18165668
  0.12980423  0.18663678
  0.09745153  0.18198303
  0.13525876  0.19893923
  0.15548096  0.20129849
  0.14693721  0.20036083
  0.14279743  0.21752857
  0.13656528  0.19196050
  0.12734867  0.20126279
  0.11665954  0.19618467
  0.13346217  0.19282235
  0.00000000  0.20177252
 orbital           3 atom           1
  0.53184965  1.00000000
  0.07036968  0.15222870
  0.23349030  0.14188899
  0.07521300  0.14863712
  0.05835535  0.17283087
  0.15417489  0.16583829
  0.06956733  0.18449925
  0.14525301  0.18697528
  0.08533402  0.17892286
  0.10634497  0.18545064
  0.14178406  0.19384461
  0.11516898  0.18682435
  0.14728610  0.20769353
  0.15100263  0.20244417
  0.14000528  0.19779137
  0.12562536  0.21095347
  0.13491638  0.18748404
  0.12756301  0.20194804
  0.12330216  0.19668573
  0.14381538  0.19781960
  0.00000000  0.20401178
 orbital           4 atom           1
  0.53812290  1.00000000
  0.06928005  0.15222870
  0.23436432  0.14249394
  0.07525982  0.14839520
  0.06107676  0.17264810
  0.15953579  0.16909928
  0.07249060  0.18468406
  0.14711326  0.18900915
  0.08448835  0.17885318
  0.10967859  0.18546536
  0.14158535  0.19536857
  0.11647969  0.18627078
  0.14973902  0.20928976
  0.14988466  0.20211059
  0.14300368  0.19863010
  0.12425565  0.21127771
  0.13761958  0.18732451
  0.12637646  0.20319468
  0.12285547  0.19536011
  0.14514048  0.19856037
  0.00000000  0.20385825
 orbital           5 atom           1
 -0.19053169  1.00000000
  0.08205083  0.02957305
  0.24221320  0.12049081
  0.23449585  0.10251878
  0.09777536  0.16648050
  0.13923767  0.15639379
  0.05983366  0.15714916
  0.10135562  0.17475354
  0.12415555  0.15509969
  0.09523233  0.19007849
  0.11613100  0.17882984
  0.13300319  0.18621155
  0.12366845  0.18919268
  0.13933319  0.19791485
  0.14697563  0.19748470
  0.12395978  0.19853698
  0.15560292  0.19793788
  0.11156123  0.19338752
  0.13925335  0.20408236
  0.14533391  0.18962820
  0.00000000  0.19971752
 orbital           6 atom           1
 -0.17879302  1.00000000
  0.26908340  0.04320296
  0.16830288  0.13916545
  0.25695303  0.10387557
  0.08786644  0.16042457
  0.15107272  0.14168213
  0.08658930  0.17123436
  0.08350394  0.17545133
  0.16907755  0.16329207
  0.08230100  0.18728212
  0.13296626  0.18114340
  0.16138603  0.20713648
  0.12701428  0.17922144
  0.15266891  0.21184102
  0.13036264  0.19728403
  0.13743398  0.19002398
  0.14041102  0.20562395
  0.10883207  0.18279058
  0.15395503  0.21243852
  0.13906101  0.18670649
  0.00000000  0.20552307
 orbital           7 atom           1
 -0.19635943  1.00000000
 -0.10776338  0.01594314
  0.32003946  0.10201969
  0.21780127  0.10359098
  0.10522519  0.17025565
  0.13102349  0.17343031
  0.03815472  0.14298678
  0.12742513  0.17765791
  0.09608828  0.15236666
  0.11899953  0.19706121
  0.11380298  0.18399345
  0.11667072  0.16987952
  0.12663284  0.20335520
  0.12400005  0.18520779
  0.15941859  0.19627407
  0.10374098  0.20299050
  0.16723567  0.18990294
  0.11846421  0.20243625
  0.12178658  0.19642935
  0.15948310  0.19527923
  0.00000000  0.19348787
 orbital           8 atom           1
 -0.17485240  1.00000000
  0.26628747  0.04320296
  0.16700202  0.14013546
  0.25804756  0.10348305
  0.09141670  0.15941610
  0.15082001  0.14400713
  0.09482388  0.17203485
  0.09124678  0.17809702
  0.18412934  0.17003838
  0.10364225  0.19241298
  0.15299630  0.19158760
  0.16653288  0.21507255
  0.13456532  0.17895110
  0.14095687  0.21238021
  0.12602619  0.19298417
  0.13799276  0.18831853
  0.14215799  0.20770809
  0.12686413  0.18525378
  0.15665719  0.21940816
  0.14712317  0.18927599
  0.00000000  0.20519630
 orbital           9 atom           1
 -0.18265044  1.00000000
  0.07787123  0.02957305
  0.24547282  0.12117932
  0.24066875  0.10473878
  0.09669363  0.16361762
  0.14179702  0.15961803
  0.06678170  0.15693981
  0.10879892  0.17826505
  0.13974359  0.16100438
  0.10814966  0.19344311
  0.13209555  0.18715445
  0.14973153  0.19311598
  0.14052075  0.19541205
  0.14279444  0.20381107
  0.14930554  0.19876450
  0.12016020  0.19611095
  0.14898186  0.19838187
  0.11498011  0.19002453
  0.13203488  0.20398789
  0.15293424  0.19154728
  0.00000000  0.19886212
 orbital          10 atom           1
  0.22384791  1.00000000
  0.03999943  0.27917052
  0.33161432  0.12795628
 -0.04662895  0.24972262
  0.14118893  0.13441659
  0.17375387  0.18197890
  0.05310435  0.22877132
  0.23143096  0.15539176
  0.05285658  0.21292502
  0.17241741  0.18105310
  0.16014842  0.19980204
  0.12398962  0.20304859
  0.14679258  0.18943008
  0.14967998  0.20147578
  0.13079533  0.18638631
  0.15861215  0.21462413
  0.14174382  0.17894859
  0.13292838  0.20901927
  0.16240810  0.19659875
  0.14625097  0.18661417
  0.00000000  0.21801745
 orbital          11 atom           1
  0.60309335  1.00000000
  0.11955423  0.17697979
  0.30528346  0.13544890
  0.07907453  0.17872553
  0.17843913  0.18419924
  0.16077592  0.17068485
  0.15108204  0.22481720
  0.19446835  0.17739661
  0.10246632  0.20553497
  0.17616171  0.19083904
  0.14696511  0.18765546
  0.12835727  0.21107494
  0.16485154  0.17596444
  0.13500105  0.21193915
  0.15707598  0.18744875
  0.14680503  0.20353835
  0.15094920  0.19465267
  0.13930049  0.19671298
  0.16292017  0.20074581
  0.13039309  0.19246576
  0.00000000  0.19923690
 orbital          12 atom           1
  0.59682009  1.00000000
  0.12067221  0.17697979
  0.30420500  0.13485421
  0.07864897  0.17915944
  0.17642410  0.18355657
  0.15308969  0.16844686
  0.15134614  0.22332164
  0.19042246  0.17613660
  0.10356659  0.20565202
  0.17333479  0.19011998
  0.14527071  0.18663249
  0.12957416  0.21125630
  0.16048532  0.17519907
  0.13646078  0.21118638
  0.15357706  0.18731938
  0.14571280  0.20215784
  0.14949864  0.19428253
  0.13610881  0.19574702
  0.16375937  0.19970865
  0.12945175  0.19316093
  0.00000000  0.19815662
 orbital          13 atom           1
  0.59054684  1.00000000
  0.12179018  0.17697979
  0.30312021  0.13425945
  0.07824752  0.17959452
  0.17463999  0.18294958
  0.14600827  0.16638230
  0.15202994  0.22206554
  0.18706514  0.17511662
  0.10554037  0.20605190
  0.17198971  0.18993377
  0.14618998  0.18646882
  0.13227648  0.21237885
  0.15926595  0.17546776
  0.13801353  0.21115987
  0.15050291  0.18727716
  0.14401970  0.20070444
  0.14766596  0.19370293
  0.13355721  0.19472236
  0.16465492  0.19905519
  0.12986253  0.19391446
  0.00000000  0.19790383
 orbital          14 atom           1
 -0.01661211  1.00000000
  0.12249297  0.04482511
  0.37088571  0.10647068
  0.18878990  0.12947974
  0.21032024  0.18672301
  0.16813277  0.15632754
  0.11953051  0.19191975
  0.18266354  0.17007367
  0.15381755  0.18640591
  0.15102890  0.20040414
  0.16468782  0.18475003
  0.12929619  0.19090439
  0.17611949  0.19352863
  0.11444345  0.18830879
  0.17783748  0.19927021
  0.13858968  0.18394408
  0.14082342  0.20780403
  0.17507148  0.18544064
  0.11993644  0.20172262
  0.16788440  0.19234331
  0.00000000  0.19387533
 orbital          15 atom           1
 -0.00534660  1.00000000
  0.31704635  0.06476272
  0.28303064  0.13078099
  0.23048826  0.12254318
  0.20076503  0.18356875
  0.16987137  0.14641089
  0.13554105  0.19718331
  0.16734953  0.18004221
  0.17667934  0.17000754
  0.12854136  0.21117509
  0.16649233  0.17931960
  0.16140120  0.19195720
  0.14663421  0.20113940
  0.13468655  0.18443175
  0.18072444  0.20166890
  0.12141879  0.18582453
  0.15973133  0.20312618
  0.16231943  0.18991374
  0.12360181  0.19727526
  0.17642794  0.19740447
  0.00000000  0.19328233
 orbital          16 atom           1
 -0.03378857  1.00000000
 -0.06928393  0.02488751
  0.45424036  0.08203920
  0.14130609  0.13476017
  0.22388332  0.18939186
  0.15871285  0.16557054
  0.10453521  0.18567445
  0.18884709  0.15791856
  0.12409874  0.19997564
  0.17020613  0.18703254
  0.15677833  0.18781403
  0.09649896  0.18933315
  0.20690551  0.18431713
  0.09467188  0.19485492
  0.18002017  0.19642911
  0.14786266  0.18237300
  0.12528936  0.21129399
  0.17955652  0.17896975
  0.11936704  0.20687090
  0.15999876  0.18586265
  0.00000000  0.19746583
 orbital          17 atom           1
 -0.00928722  1.00000000
  0.31990208  0.06476272
  0.28437722  0.12977900
  0.22740666  0.12355902
  0.20274138  0.18376794
  0.16668095  0.14463241
  0.13427109  0.19847183
  0.16816294  0.17782240
  0.17075490  0.17042497
  0.13087205  0.20998793
  0.16145642  0.17823965
  0.16086218  0.19200331
  0.14506483  0.19907786
  0.13222130  0.18518481
  0.18073572  0.19956059
  0.11892579  0.18624594
  0.15947316  0.20232090
  0.16071150  0.18893784
  0.12179631  0.19748256
  0.17525355  0.19586970
  0.00000000  0.19298737
 orbital          18 atom           1
 -0.02449337  1.00000000
  0.12669732  0.04482511
  0.36706610  0.10584849
  0.18156589  0.12834404
  0.21549281  0.18639962
  0.15906118  0.15483974
  0.12004246  0.19162941
  0.17429843  0.16685685
  0.14540188  0.18414355
  0.15148291  0.19797633
  0.15936904  0.18328181
  0.13155553  0.19165404
  0.17804618  0.19249830
  0.11245277  0.19075382
  0.18100442  0.19724553
  0.12838320  0.18386547
  0.14310573  0.20549066
  0.16693599  0.18313116
  0.12259714  0.20275884
  0.16870349  0.19053347
  0.00000000  0.19678840
