        -1.00000        -0.00000
        -0.99940        -0.00000
        -0.99880        -0.00000
        -0.99820        -0.00000
        -0.99760        -0.00000
        -0.99700        -0.00000
        -0.99640        -0.00000
        -0.99580        -0.00000
        -0.99520        -0.00000
        -0.99460        -0.00000
        -0.99400        -0.00000
        -0.99340        -0.00000
        -0.99280        -0.00000
        -0.99220        -0.00000
        -0.99160        -0.00000
        -0.99100        -0.00000
        -0.99040        -0.00000
        -0.98980        -0.00000
        -0.98920        -0.00000
        -0.98860        -0.00000
        -0.98800        -0.00000
        -0.98740        -0.00000
        -0.98680        -0.00000
        -0.98620        -0.00000
        -0.98560        -0.00000
        -0.98500        -0.00000
        -0.98440        -0.00000
        -0.98380        -0.00000
        -0.98320        -0.00000
        -0.98260        -0.00000
        -0.98200        -0.00000
        -0.98140        -0.00000
        -0.98080        -0.00000
        -0.98020        -0.00000
        -0.97960        -0.00000
        -0.97900        -0.00000
        -0.97840        -0.00000
        -0.97780        -0.00000
        -0.97720        -0.00000
        -0.97660        -0.00000
        -0.97600        -0.00000
        -0.97540        -0.00000
        -0.97480        -0.00000
        -0.97420        -0.00000
        -0.97360        -0.00000
        -0.97300        -0.00000
        -0.97240        -0.00000
        -0.97180        -0.00000
        -0.97120        -0.00000
        -0.97060        -0.00000
        -0.97000        -0.00000
        -0.96940        -0.00000
        -0.96880        -0.00000
        -0.96820        -0.00000
        -0.96760        -0.00000
        -0.96700        -0.00000
        -0.96640        -0.00000
        -0.96580        -0.00000
        -0.96520        -0.00000
        -0.96460        -0.00000
        -0.96400        -0.00000
        -0.96340        -0.00000
        -0.96280        -0.00000
        -0.96220        -0.00000
        -0.96160        -0.00000
        -0.96100        -0.00000
        -0.96039        -0.00000
        -0.95979        -0.00000
        -0.95919        -0.00000
        -0.95859        -0.00000
        -0.95799         0.00000
        -0.95739        -0.00000
        -0.95679        -0.00000
        -0.95619        -0.00000
        -0.95559        -0.00000
        -0.95499        -0.00000
        -0.95439        -0.00000
        -0.95379        -0.00000
        -0.95319        -0.00000
        -0.95259        -0.00000
        -0.95199        -0.00000
        -0.95139        -0.00000
        -0.95079        -0.00000
        -0.95019        -0.00000
        -0.94959        -0.00000
        -0.94899        -0.00000
        -0.94839        -0.00000
        -0.94779        -0.00000
        -0.94719        -0.00000
        -0.94659        -0.00000
        -0.94599        -0.00000
        -0.94539        -0.00000
        -0.94479        -0.00000
        -0.94419        -0.00000
        -0.94359        -0.00000
        -0.94299        -0.00000
        -0.94239        -0.00000
        -0.94179        -0.00000
        -0.94119        -0.00000
        -0.94059        -0.00000
        -0.93999        -0.00000
        -0.93939        -0.00000
        -0.93879        -0.00000
        -0.93819        -0.00000
        -0.93759        -0.00000
        -0.93699        -0.00000
        -0.93639        -0.00000
        -0.93579        -0.00000
        -0.93519        -0.00000
        -0.93459        -0.00000
        -0.93399        -0.00000
        -0.93339        -0.00000
        -0.93279        -0.00000
        -0.93219        -0.00000
        -0.93159        -0.00000
        -0.93099        -0.00000
        -0.93039        -0.00000
        -0.92979        -0.00000
        -0.92919        -0.00000
        -0.92859        -0.00000
        -0.92799        -0.00000
        -0.92739        -0.00000
        -0.92679        -0.00000
        -0.92619        -0.00000
        -0.92559        -0.00000
        -0.92499        -0.00000
        -0.92439        -0.00000
        -0.92379        -0.00000
        -0.92319        -0.00000
        -0.92259        -0.00000
        -0.92199        -0.00000
        -0.92139        -0.00000
        -0.92079        -0.00000
        -0.92019        -0.00000
        -0.91959        -0.00000
        -0.91899        -0.00000
        -0.91839        -0.00000
        -0.91779        -0.00000
        -0.91719        -0.00000
        -0.91659        -0.00000
        -0.91599        -0.00000
        -0.91539        -0.00000
        -0.91479        -0.00000
        -0.91419        -0.00000
        -0.91359        -0.00000
        -0.91299        -0.00000
        -0.91239        -0.00000
        -0.91179        -0.00000
        -0.91119        -0.00000
        -0.91059        -0.00000
        -0.90999        -0.00000
        -0.90939        -0.00000
        -0.90879        -0.00000
        -0.90819        -0.00000
        -0.90759        -0.00000
        -0.90699        -0.00000
        -0.90639        -0.00000
        -0.90579        -0.00000
        -0.90519        -0.00000
        -0.90459        -0.00000
        -0.90399        -0.00000
        -0.90339        -0.00000
        -0.90279        -0.00000
        -0.90219        -0.00000
        -0.90159        -0.00000
        -0.90099        -0.00000
        -0.90039        -0.00000
        -0.89979        -0.00000
        -0.89919        -0.00000
        -0.89859        -0.00000
        -0.89799        -0.00000
        -0.89739        -0.00000
        -0.89679        -0.00000
        -0.89619        -0.00000
        -0.89559        -0.00000
        -0.89499        -0.00000
        -0.89439        -0.00000
        -0.89379        -0.00000
        -0.89319        -0.00000
        -0.89259        -0.00000
        -0.89199        -0.00000
        -0.89139        -0.00000
        -0.89079        -0.00000
        -0.89019        -0.00000
        -0.88959        -0.00000
        -0.88899        -0.00000
        -0.88839        -0.00000
        -0.88779        -0.00000
        -0.88719        -0.00000
        -0.88659        -0.00000
        -0.88599        -0.00000
        -0.88539        -0.00000
        -0.88479        -0.00000
        -0.88419        -0.00000
        -0.88359        -0.00000
        -0.88299        -0.00000
        -0.88239        -0.00000
        -0.88179        -0.00000
        -0.88118        -0.00000
        -0.88058        -0.00000
        -0.87998        -0.00000
        -0.87938        -0.00000
        -0.87878        -0.00000
        -0.87818        -0.00000
        -0.87758        -0.00000
        -0.87698        -0.00000
        -0.87638        -0.00000
        -0.87578        -0.00000
        -0.87518        -0.00000
        -0.87458        -0.00000
        -0.87398        -0.00000
        -0.87338        -0.00000
        -0.87278        -0.00000
        -0.87218        -0.00000
        -0.87158        -0.00000
        -0.87098        -0.00000
        -0.87038        -0.00000
        -0.86978        -0.00000
        -0.86918        -0.00000
        -0.86858        -0.00000
        -0.86798        -0.00000
        -0.86738        -0.00000
        -0.86678        -0.00000
        -0.86618        -0.00000
        -0.86558        -0.00000
        -0.86498        -0.00000
        -0.86438        -0.00000
        -0.86378        -0.00000
        -0.86318        -0.00000
        -0.86258        -0.00000
        -0.86198        -0.00000
        -0.86138        -0.00000
        -0.86078        -0.00000
        -0.86018        -0.00000
        -0.85958        -0.00000
        -0.85898        -0.00000
        -0.85838        -0.00000
        -0.85778        -0.00000
        -0.85718        -0.00000
        -0.85658        -0.00000
        -0.85598        -0.00000
        -0.85538        -0.00000
        -0.85478        -0.00000
        -0.85418        -0.00000
        -0.85358        -0.00000
        -0.85298        -0.00000
        -0.85238        -0.00000
        -0.85178        -0.00000
        -0.85118        -0.00000
        -0.85058        -0.00000
        -0.84998        -0.00000
        -0.84938        -0.00000
        -0.84878        -0.00000
        -0.84818        -0.00000
        -0.84758        -0.00000
        -0.84698        -0.00000
        -0.84638        -0.00000
        -0.84578        -0.00000
        -0.84518        -0.00000
        -0.84458        -0.00000
        -0.84398        -0.00000
        -0.84338        -0.00000
        -0.84278        -0.00000
        -0.84218        -0.00000
        -0.84158        -0.00000
        -0.84098        -0.00000
        -0.84038        -0.00000
        -0.83978        -0.00000
        -0.83918        -0.00000
        -0.83858        -0.00000
        -0.83798        -0.00000
        -0.83738        -0.00000
        -0.83678        -0.00000
        -0.83618        -0.00000
        -0.83558        -0.00000
        -0.83498        -0.00000
        -0.83438        -0.00000
        -0.83378        -0.00000
        -0.83318        -0.00000
        -0.83258        -0.00000
        -0.83198        -0.00000
        -0.83138        -0.00000
        -0.83078        -0.00000
        -0.83018        -0.00000
        -0.82958        -0.00000
        -0.82898        -0.00000
        -0.82838        -0.00000
        -0.82778        -0.00000
        -0.82718        -0.00000
        -0.82658        -0.00000
        -0.82598        -0.00000
        -0.82538        -0.00000
        -0.82478        -0.00000
        -0.82418        -0.00000
        -0.82358        -0.00000
        -0.82298        -0.00000
        -0.82238        -0.00000
        -0.82178        -0.00000
        -0.82118        -0.00000
        -0.82058        -0.00000
        -0.81998        -0.00000
        -0.81938        -0.00000
        -0.81878        -0.00000
        -0.81818        -0.00000
        -0.81758        -0.00000
        -0.81698        -0.00000
        -0.81638        -0.00000
        -0.81578        -0.00000
        -0.81518        -0.00000
        -0.81458        -0.00000
        -0.81398        -0.00000
        -0.81338        -0.00000
        -0.81278        -0.00000
        -0.81218        -0.00000
        -0.81158        -0.00000
        -0.81098        -0.00000
        -0.81038        -0.00000
        -0.80978        -0.00000
        -0.80918        -0.00000
        -0.80858        -0.00000
        -0.80798        -0.00000
        -0.80738        -0.00000
        -0.80678        -0.00000
        -0.80618        -0.00000
        -0.80558        -0.00000
        -0.80498        -0.00000
        -0.80438        -0.00000
        -0.80378        -0.00000
        -0.80318        -0.00000
        -0.80257        -0.00000
        -0.80197        -0.00000
        -0.80137        -0.00000
        -0.80077        -0.00000
        -0.80017        -0.00000
        -0.79957        -0.00000
        -0.79897         0.00000
        -0.79837         0.00000
        -0.79777         0.00000
        -0.79717         0.00000
        -0.79657         0.00000
        -0.79597         0.00000
        -0.79537         0.00000
        -0.79477         0.00000
        -0.79417         0.00000
        -0.79357         0.00000
        -0.79297         0.00000
        -0.79237         0.00000
        -0.79177         0.00000
        -0.79117         0.00001
        -0.79057         0.00001
        -0.78997         0.00001
        -0.78937         0.00001
        -0.78877         0.00002
        -0.78817         0.00002
        -0.78757         0.00002
        -0.78697         0.00003
        -0.78637         0.00003
        -0.78577         0.00003
        -0.78517         0.00004
        -0.78457         0.00004
        -0.78397         0.00005
        -0.78337         0.00006
        -0.78277         0.00007
        -0.78217         0.00007
        -0.78157         0.00008
        -0.78097         0.00010
        -0.78037         0.00011
        -0.77977         0.00012
        -0.77917         0.00014
        -0.77857         0.00016
        -0.77797         0.00018
        -0.77737         0.00021
        -0.77677         0.00024
        -0.77617         0.00027
        -0.77557         0.00037
        -0.77497         0.00032
        -0.77437         0.00038
        -0.77377         0.00043
        -0.77317         0.00050
        -0.77257         0.00057
        -0.77197         0.00065
        -0.77137         0.00075
        -0.77077         0.00086
        -0.77017         0.00099
        -0.76957         0.00115
        -0.76897         0.00133
        -0.76837         0.00154
        -0.76777         0.00179
        -0.76717         0.00209
        -0.76657         0.00244
        -0.76597         0.00285
        -0.76537         0.00335
        -0.76477         0.00395
        -0.76417         0.00467
        -0.76357         0.00554
        -0.76297         0.00661
        -0.76237         0.00791
        -0.76177         0.00953
        -0.76117         0.01153
        -0.76057         0.01403
        -0.75997         0.01718
        -0.75937         0.02117
        -0.75877         0.02627
        -0.75817         0.03281
        -0.75757         0.04127
        -0.75697         0.05222
        -0.75637         0.06640
        -0.75577         0.08464
        -0.75517         0.10771
        -0.75457         0.13598
        -0.75397         0.16874
        -0.75337         0.20536
        -0.75277         0.24087
        -0.75217         0.26367
        -0.75157         0.27568
        -0.75097         0.27581
        -0.75037         0.26663
        -0.74977         0.25201
        -0.74917         0.23532
        -0.74857         0.21881
        -0.74797         0.20367
        -0.74737         0.19043
        -0.74677         0.17918
        -0.74617         0.16986
        -0.74557         0.16229
        -0.74497         0.15631
        -0.74437         0.15158
        -0.74377         0.14871
        -0.74317         0.14719
        -0.74257         0.14628
        -0.74197         0.14678
        -0.74137         0.14861
        -0.74077         0.15191
        -0.74017         0.15693
        -0.73957         0.16403
        -0.73897         0.17375
        -0.73837         0.18686
        -0.73777         0.20440
        -0.73717         0.22767
        -0.73657         0.25803
        -0.73597         0.29626
        -0.73537         0.34115
        -0.73477         0.39156
        -0.73417         0.43048
        -0.73357         0.45485
        -0.73297         0.46176
        -0.73237         0.45544
        -0.73177         0.44269
        -0.73117         0.42893
        -0.73057         0.41720
        -0.72997         0.40867
        -0.72937         0.40355
        -0.72877         0.40157
        -0.72817         0.40232
        -0.72757         0.40539
        -0.72697         0.41037
        -0.72637         0.41690
        -0.72577         0.42465
        -0.72517         0.43352
        -0.72457         0.44283
        -0.72397         0.45257
        -0.72336         0.46255
        -0.72276         0.47255
        -0.72216         0.48240
        -0.72156         0.49198
        -0.72096         0.50118
        -0.72036         0.50992
        -0.71976         0.51817
        -0.71916         0.52593
        -0.71856         0.53325
        -0.71796         0.54017
        -0.71736         0.54680
        -0.71676         0.55323
        -0.71616         0.55959
        -0.71556         0.56599
        -0.71496         0.57255
        -0.71436         0.57939
        -0.71376         0.58659
        -0.71316         0.59423
        -0.71256         0.60233
        -0.71196         0.61091
        -0.71136         0.61992
        -0.71076         0.62928
        -0.71016         0.63888
        -0.70956         0.64854
        -0.70896         0.65805
        -0.70836         0.66720
        -0.70776         0.67571
        -0.70716         0.68336
        -0.70656         0.68991
        -0.70596         0.69516
        -0.70536         0.69897
        -0.70476         0.70126
        -0.70416         0.70202
        -0.70356         0.70129
        -0.70296         0.69918
        -0.70236         0.69584
        -0.70176         0.69146
        -0.70116         0.68625
        -0.70056         0.68042
        -0.69996         0.67418
        -0.69936         0.66771
        -0.69876         0.66120
        -0.69816         0.65479
        -0.69756         0.64863
        -0.69696         0.64280
        -0.69636         0.63741
        -0.69576         0.63252
        -0.69516         0.62818
        -0.69456         0.62442
        -0.69396         0.62128
        -0.69336         0.61877
        -0.69276         0.61690
        -0.69216         0.61568
        -0.69156         0.61509
        -0.69096         0.61515
        -0.69036         0.61583
        -0.68976         0.61714
        -0.68916         0.61906
        -0.68856         0.62158
        -0.68796         0.62470
        -0.68736         0.62838
        -0.68676         0.63264
        -0.68616         0.63744
        -0.68556         0.64279
        -0.68496         0.64865
        -0.68436         0.65504
        -0.68376         0.66192
        -0.68316         0.66928
        -0.68256         0.67712
        -0.68196         0.68540
        -0.68136         0.69413
        -0.68076         0.70328
        -0.68016         0.71283
        -0.67956         0.72277
        -0.67896         0.73307
        -0.67836         0.74372
        -0.67776         0.75469
        -0.67716         0.76596
        -0.67656         0.77751
        -0.67596         0.78931
        -0.67536         0.80133
        -0.67476         0.81355
        -0.67416         0.82593
        -0.67356         0.83846
        -0.67296         0.85108
        -0.67236         0.86379
        -0.67176         0.87653
        -0.67116         0.88928
        -0.67056         0.90199
        -0.66996         0.91464
        -0.66936         0.92718
        -0.66876         0.93959
        -0.66816         0.95180
        -0.66756         0.96380
        -0.66696         0.97553
        -0.66636         0.98695
        -0.66576         0.99803
        -0.66516         1.00871
        -0.66456         1.01896
        -0.66396         1.02874
        -0.66336         1.03800
        -0.66276         1.04671
        -0.66216         1.05482
        -0.66156         1.06230
        -0.66096         1.06913
        -0.66036         1.07526
        -0.65976         1.08068
        -0.65916         1.08537
        -0.65856         1.08931
        -0.65796         1.09250
        -0.65736         1.09494
        -0.65676         1.09664
        -0.65616         1.09760
        -0.65556         1.09785
        -0.65496         1.09741
        -0.65436         1.09632
        -0.65376         1.09461
        -0.65316         1.09232
        -0.65256         1.08951
        -0.65196         1.08621
        -0.65136         1.08248
        -0.65076         1.07837
        -0.65016         1.07394
        -0.64956         1.06923
        -0.64896         1.06431
        -0.64836         1.05921
        -0.64776         1.05400
        -0.64716         1.04871
        -0.64656         1.04340
        -0.64596         1.03810
        -0.64536         1.03286
        -0.64476         1.02770
        -0.64415         1.02267
        -0.64355         1.01779
        -0.64295         1.01310
        -0.64235         1.00860
        -0.64175         1.00434
        -0.64115         1.00033
        -0.64055         0.99658
        -0.63995         0.99311
        -0.63935         0.98993
        -0.63875         0.98706
        -0.63815         0.98451
        -0.63755         0.98227
        -0.63695         0.98037
        -0.63635         0.97880
        -0.63575         0.97758
        -0.63515         0.97670
        -0.63455         0.97616
        -0.63395         0.97598
        -0.63335         0.97615
        -0.63275         0.97667
        -0.63215         0.97754
        -0.63155         0.97877
        -0.63095         0.98035
        -0.63035         0.98229
        -0.62975         0.98458
        -0.62915         0.98722
        -0.62855         0.99021
        -0.62795         0.99355
        -0.62735         0.99724
        -0.62675         1.00127
        -0.62615         1.00565
        -0.62555         1.01037
        -0.62495         1.01544
        -0.62435         1.02084
        -0.62375         1.02658
        -0.62315         1.03266
        -0.62255         1.03906
        -0.62195         1.04579
        -0.62135         1.05285
        -0.62075         1.06024
        -0.62015         1.06794
        -0.61955         1.07595
        -0.61895         1.08427
        -0.61835         1.09290
        -0.61775         1.10183
        -0.61715         1.11106
        -0.61655         1.12057
        -0.61595         1.13036
        -0.61535         1.14043
        -0.61475         1.15077
        -0.61415         1.16136
        -0.61355         1.17220
        -0.61295         1.18327
        -0.61235         1.19458
        -0.61175         1.20610
        -0.61115         1.21782
        -0.61055         1.22973
        -0.60995         1.24181
        -0.60935         1.25405
        -0.60875         1.26643
        -0.60815         1.27894
        -0.60755         1.29154
        -0.60695         1.30424
        -0.60635         1.31699
        -0.60575         1.32979
        -0.60515         1.34260
        -0.60455         1.35541
        -0.60395         1.36818
        -0.60335         1.38090
        -0.60275         1.39354
        -0.60215         1.40606
        -0.60155         1.41844
        -0.60095         1.43066
        -0.60035         1.44268
        -0.59975         1.45448
        -0.59915         1.46603
        -0.59855         1.47729
        -0.59795         1.48825
        -0.59735         1.49887
        -0.59675         1.50912
        -0.59615         1.51900
        -0.59555         1.52846
        -0.59495         1.53749
        -0.59435         1.54606
        -0.59375         1.55416
        -0.59315         1.56178
        -0.59255         1.56889
        -0.59195         1.57549
        -0.59135         1.58157
        -0.59075         1.58712
        -0.59015         1.59214
        -0.58955         1.59662
        -0.58895         1.60056
        -0.58835         1.60399
        -0.58775         1.60688
        -0.58715         1.60927
        -0.58655         1.61116
        -0.58595         1.61256
        -0.58535         1.61349
        -0.58475         1.61398
        -0.58415         1.61403
        -0.58355         1.61367
        -0.58295         1.61292
        -0.58235         1.61182
        -0.58175         1.61038
        -0.58115         1.60862
        -0.58055         1.60658
        -0.57995         1.60429
        -0.57935         1.60176
        -0.57875         1.59903
        -0.57815         1.59612
        -0.57755         1.59306
        -0.57695         1.58987
        -0.57635         1.58659
        -0.57575         1.58323
        -0.57515         1.57982
        -0.57455         1.57638
        -0.57395         1.57294
        -0.57335         1.56952
        -0.57275         1.56613
        -0.57215         1.56279
        -0.57155         1.55954
        -0.57095         1.55637
        -0.57035         1.55331
        -0.56975         1.55038
        -0.56915         1.54759
        -0.56855         1.54495
        -0.56795         1.54247
        -0.56735         1.54017
        -0.56675         1.53806
        -0.56615         1.53615
        -0.56554         1.53445
        -0.56494         1.53297
        -0.56434         1.53171
        -0.56374         1.53068
        -0.56314         1.52989
        -0.56254         1.52935
        -0.56194         1.52906
        -0.56134         1.52902
        -0.56074         1.52925
        -0.56014         1.52974
        -0.55954         1.53050
        -0.55894         1.53153
        -0.55834         1.53284
        -0.55774         1.53443
        -0.55714         1.53630
        -0.55654         1.53845
        -0.55594         1.54088
        -0.55534         1.54360
        -0.55474         1.54661
        -0.55414         1.54991
        -0.55354         1.55349
        -0.55294         1.55737
        -0.55234         1.56154
        -0.55174         1.56600
        -0.55114         1.57075
        -0.55054         1.57579
        -0.54994         1.58113
        -0.54934         1.58676
        -0.54874         1.59268
        -0.54814         1.59889
        -0.54754         1.60540
        -0.54694         1.61220
        -0.54634         1.61928
        -0.54574         1.62666
        -0.54514         1.63433
        -0.54454         1.64229
        -0.54394         1.65054
        -0.54334         1.65907
        -0.54274         1.66789
        -0.54214         1.67699
        -0.54154         1.68638
        -0.54094         1.69605
        -0.54034         1.70601
        -0.53974         1.71624
        -0.53914         1.72674
        -0.53854         1.73753
        -0.53794         1.74858
        -0.53734         1.75991
        -0.53674         1.77150
        -0.53614         1.78335
        -0.53554         1.79547
        -0.53494         1.80784
        -0.53434         1.82046
        -0.53374         1.83333
        -0.53314         1.84645
        -0.53254         1.85980
        -0.53194         1.87338
        -0.53134         1.88719
        -0.53074         1.90122
        -0.53014         1.91546
        -0.52954         1.92991
        -0.52894         1.94454
        -0.52834         1.95937
        -0.52774         1.97437
        -0.52714         1.98954
        -0.52654         2.00486
        -0.52594         2.02033
        -0.52534         2.03593
        -0.52474         2.05164
        -0.52414         2.06746
        -0.52354         2.08337
        -0.52294         2.09936
        -0.52234         2.11540
        -0.52174         2.13149
        -0.52114         2.14760
        -0.52054         2.16373
        -0.51994         2.17984
        -0.51934         2.19592
        -0.51874         2.21196
        -0.51814         2.22793
        -0.51754         2.24381
        -0.51694         2.25958
        -0.51634         2.27523
        -0.51574         2.29073
        -0.51514         2.30607
        -0.51454         2.32121
        -0.51394         2.33615
        -0.51334         2.35086
        -0.51274         2.36533
        -0.51214         2.37953
        -0.51154         2.39345
        -0.51094         2.40707
        -0.51034         2.42038
        -0.50974         2.43336
        -0.50914         2.44599
        -0.50854         2.45826
        -0.50794         2.47017
        -0.50734         2.48170
        -0.50674         2.49285
        -0.50614         2.50360
        -0.50554         2.51395
        -0.50494         2.52390
        -0.50434         2.53344
        -0.50374         2.54258
        -0.50314         2.55131
        -0.50254         2.55964
        -0.50194         2.56758
        -0.50134         2.57512
        -0.50074         2.58228
        -0.50014         2.58907
        -0.49954         2.59550
        -0.49894         2.60157
        -0.49834         2.60731
        -0.49774         2.61273
        -0.49714         2.61784
        -0.49654         2.62266
        -0.49594         2.62721
        -0.49534         2.63151
        -0.49474         2.63557
        -0.49414         2.63943
        -0.49354         2.64310
        -0.49294         2.64660
        -0.49234         2.64996
        -0.49174         2.65320
        -0.49114         2.65634
        -0.49054         2.65940
        -0.48994         2.66242
        -0.48934         2.66541
        -0.48874         2.66840
        -0.48814         2.67141
        -0.48754         2.67447
        -0.48694         2.67760
        -0.48633         2.68082
        -0.48573         2.68416
        -0.48513         2.68765
        -0.48453         2.69129
        -0.48393         2.69513
        -0.48333         2.69917
        -0.48273         2.70345
        -0.48213         2.70798
        -0.48153         2.71279
        -0.48093         2.71790
        -0.48033         2.72333
        -0.47973         2.72910
        -0.47913         2.73523
        -0.47853         2.74175
        -0.47793         2.74866
        -0.47733         2.75600
        -0.47673         2.76378
        -0.47613         2.77202
        -0.47553         2.78074
        -0.47493         2.78995
        -0.47433         2.79969
        -0.47373         2.80996
        -0.47313         2.82079
        -0.47253         2.83219
        -0.47193         2.84418
        -0.47133         2.85678
        -0.47073         2.87001
        -0.47013         2.88388
        -0.46953         2.89842
        -0.46893         2.91364
        -0.46833         2.92957
        -0.46773         2.94621
        -0.46713         2.96359
        -0.46653         2.98172
        -0.46593         3.00064
        -0.46533         3.02034
        -0.46473         3.04086
        -0.46413         3.06221
        -0.46353         3.08442
        -0.46293         3.10749
        -0.46233         3.13146
        -0.46173         3.15635
        -0.46113         3.18216
        -0.46053         3.20894
        -0.45993         3.23669
        -0.45933         3.26543
        -0.45873         3.29520
        -0.45813         3.32601
        -0.45753         3.35789
        -0.45693         3.39086
        -0.45633         3.42493
        -0.45573         3.46015
        -0.45513         3.49652
        -0.45453         3.53408
        -0.45393         3.57285
        -0.45333         3.61284
        -0.45273         3.65410
        -0.45213         3.69663
        -0.45153         3.74047
        -0.45093         3.78564
        -0.45033         3.83217
        -0.44973         3.88006
        -0.44913         3.92936
        -0.44853         3.98007
        -0.44793         4.03223
        -0.44733         4.08584
        -0.44673         4.14094
        -0.44613         4.19753
        -0.44553         4.25563
        -0.44493         4.31526
        -0.44433         4.37642
        -0.44373         4.43913
        -0.44313         4.50339
        -0.44253         4.56921
        -0.44193         4.63658
        -0.44133         4.70551
        -0.44073         4.77599
        -0.44013         4.84801
        -0.43953         4.92156
        -0.43893         4.99661
        -0.43833         5.07315
        -0.43773         5.15116
        -0.43713         5.23059
        -0.43653         5.31142
        -0.43593         5.39360
        -0.43533         5.47710
        -0.43473         5.56186
        -0.43413         5.64784
        -0.43353         5.73497
        -0.43293         5.82319
        -0.43233         5.91245
        -0.43173         6.00266
        -0.43113         6.09378
        -0.43053         6.18571
        -0.42993         6.27839
        -0.42933         6.37173
        -0.42873         6.46567
        -0.42813         6.56012
        -0.42753         6.65500
        -0.42693         6.75023
        -0.42633         6.84574
        -0.42573         6.94144
        -0.42513         7.03726
        -0.42453         7.13313
        -0.42393         7.22896
        -0.42333         7.32468
        -0.42273         7.42022
        -0.42213         7.51552
        -0.42153         7.61050
        -0.42093         7.70509
        -0.42033         7.79924
        -0.41973         7.89287
        -0.41913         7.98593
        -0.41853         8.07836
        -0.41793         8.17009
        -0.41733         8.26107
        -0.41673         8.35125
        -0.41613         8.44057
        -0.41553         8.52900
        -0.41493         8.61648
        -0.41433         8.70297
        -0.41373         8.78846
        -0.41313         8.87289
        -0.41253         8.95628
        -0.41193         9.03859
        -0.41133         9.11985
        -0.41073         9.20006
        -0.41013         9.27926
        -0.40953         9.35749
        -0.40893         9.43481
        -0.40833         9.51130
        -0.40772         9.58706
        -0.40712         9.66221
        -0.40652         9.73687
        -0.40592         9.81120
        -0.40532         9.88538
        -0.40472         9.95957
        -0.40412        10.03400
        -0.40352        10.10886
        -0.40292        10.18438
        -0.40232        10.26080
        -0.40172        10.33836
        -0.40112        10.41728
        -0.40052        10.49781
        -0.39992        10.58018
        -0.39932        10.66461
        -0.39872        10.75131
        -0.39812        10.84046
        -0.39752        10.93224
        -0.39692        11.02678
        -0.39632        11.12419
        -0.39572        11.22454
        -0.39512        11.32787
        -0.39452        11.43417
        -0.39392        11.54337
        -0.39332        11.65538
        -0.39272        11.77002
        -0.39212        11.88709
        -0.39152        12.00629
        -0.39092        12.12731
        -0.39032        12.24974
        -0.38972        12.37314
        -0.38912        12.49700
        -0.38852        12.62077
        -0.38792        12.74386
        -0.38732        12.86562
        -0.38672        12.98540
        -0.38612        13.10252
        -0.38552        13.21630
        -0.38492        13.32606
        -0.38432        13.43114
        -0.38372        13.53093
        -0.38312        13.62486
        -0.38252        13.71241
        -0.38192        13.79315
        -0.38132        13.86672
        -0.38072        13.93287
        -0.38012        13.99144
        -0.37952        14.04235
        -0.37892        14.08566
        -0.37832        14.12150
        -0.37772        14.15010
        -0.37712        14.17179
        -0.37652        14.18697
        -0.37592        14.19610
        -0.37532        14.19972
        -0.37472        14.19839
        -0.37412        14.19272
        -0.37352        14.18334
        -0.37292        14.17089
        -0.37232        14.15600
        -0.37172        14.13931
        -0.37112        14.12143
        -0.37052        14.10296
        -0.36992        14.08444
        -0.36932        14.06643
        -0.36872        14.04940
        -0.36812        14.03382
        -0.36752        14.02010
        -0.36692        14.00862
        -0.36632        13.99973
        -0.36572        13.99372
        -0.36512        13.99086
        -0.36452        13.99139
        -0.36392        13.99549
        -0.36332        14.00334
        -0.36272        14.01508
        -0.36212        14.03081
        -0.36152        14.05061
        -0.36092        14.07456
        -0.36032        14.10269
        -0.35972        14.13502
        -0.35912        14.17155
        -0.35852        14.21228
        -0.35792        14.25716
        -0.35732        14.30617
        -0.35672        14.35925
        -0.35612        14.41632
        -0.35552        14.47732
        -0.35492        14.54217
        -0.35432        14.61077
        -0.35372        14.68302
        -0.35312        14.75883
        -0.35252        14.83808
        -0.35192        14.92065
        -0.35132        15.00645
        -0.35072        15.09535
        -0.35012        15.18723
        -0.34952        15.28197
        -0.34892        15.37947
        -0.34832        15.47960
        -0.34772        15.58225
        -0.34712        15.68732
        -0.34652        15.79469
        -0.34592        15.90428
        -0.34532        16.01599
        -0.34472        16.12974
        -0.34412        16.24543
        -0.34352        16.36301
        -0.34292        16.48241
        -0.34232        16.60356
        -0.34172        16.72644
        -0.34112        16.85098
        -0.34052        16.97717
        -0.33992        17.10497
        -0.33932        17.23438
        -0.33872        17.36538
        -0.33812        17.49796
        -0.33752        17.63213
        -0.33692        17.76790
        -0.33632        17.90527
        -0.33572        18.04426
        -0.33512        18.18489
        -0.33452        18.32717
        -0.33392        18.47112
        -0.33332        18.61677
        -0.33272        18.76412
        -0.33212        18.91319
        -0.33152        19.06400
        -0.33092        19.21656
        -0.33032        19.37087
        -0.32972        19.52693
        -0.32912        19.68475
        -0.32851        19.84431
        -0.32791        20.00561
        -0.32731        20.16863
        -0.32671        20.33335
        -0.32611        20.49974
        -0.32551        20.66777
        -0.32491        20.83742
        -0.32431        21.00864
        -0.32371        21.18140
        -0.32311        21.35565
        -0.32251        21.53135
        -0.32191        21.70844
        -0.32131        21.88689
        -0.32071        22.06664
        -0.32011        22.24764
        -0.31951        22.42983
        -0.31891        22.61315
        -0.31831        22.79754
        -0.31771        22.98293
        -0.31711        23.16926
        -0.31651        23.35644
        -0.31591        23.54440
        -0.31531        23.73304
        -0.31471        23.92224
        -0.31411        24.11190
        -0.31351        24.30188
        -0.31291        24.49204
        -0.31231        24.68220
        -0.31171        24.87219
        -0.31111        25.06180
        -0.31051        25.25079
        -0.30991        25.43892
        -0.30931        25.62591
        -0.30871        25.81146
        -0.30811        25.99525
        -0.30751        26.17692
        -0.30691        26.35611
        -0.30631        26.53242
        -0.30571        26.70543
        -0.30511        26.87470
        -0.30451        27.03976
        -0.30391        27.20016
        -0.30331        27.35540
        -0.30271        27.50498
        -0.30211        27.64840
        -0.30151        27.78515
        -0.30091        27.91471
        -0.30031        28.03659
        -0.29971        28.15028
        -0.29911        28.25530
        -0.29851        28.35117
        -0.29791        28.43745
        -0.29731        28.51371
        -0.29671        28.57954
        -0.29611        28.63458
        -0.29551        28.67850
        -0.29491        28.71100
        -0.29431        28.73183
        -0.29371        28.74078
        -0.29311        28.73767
        -0.29251        28.72240
        -0.29191        28.69489
        -0.29131        28.65512
        -0.29071        28.60310
        -0.29011        28.53893
        -0.28951        28.46271
        -0.28891        28.37462
        -0.28831        28.27485
        -0.28771        28.16367
        -0.28711        28.04137
        -0.28651        27.90826
        -0.28591        27.76472
        -0.28531        27.61113
        -0.28471        27.44790
        -0.28411        27.27549
        -0.28351        27.09435
        -0.28291        26.90495
        -0.28231        26.70780
        -0.28171        26.50339
        -0.28111        26.29223
        -0.28051        26.07484
        -0.27991        25.85173
        -0.27931        25.62344
        -0.27871        25.39046
        -0.27811        25.15331
        -0.27751        24.91251
        -0.27691        24.66855
        -0.27631        24.42192
        -0.27571        24.17310
        -0.27511        23.92257
        -0.27451        23.67078
        -0.27391        23.41818
        -0.27331        23.16521
        -0.27271        22.91228
        -0.27211        22.65979
        -0.27151        22.40815
        -0.27091        22.15772
        -0.27031        21.90887
        -0.26971        21.66193
        -0.26911        21.41724
        -0.26851        21.17510
        -0.26791        20.93581
        -0.26731        20.69966
        -0.26671        20.46689
        -0.26611        20.23776
        -0.26551        20.01251
        -0.26491        19.79133
        -0.26431        19.57445
        -0.26371        19.36203
        -0.26311        19.15426
        -0.26251        18.95129
        -0.26191        18.75327
        -0.26131        18.56032
        -0.26071        18.37256
        -0.26011        18.19011
        -0.25951        18.01306
        -0.25891        17.84149
        -0.25831        17.67549
        -0.25771        17.51511
        -0.25711        17.36042
        -0.25651        17.21146
        -0.25591        17.06828
        -0.25531        16.93092
        -0.25471        16.79939
        -0.25411        16.67374
        -0.25351        16.55397
        -0.25291        16.44010
        -0.25231        16.33213
        -0.25171        16.23007
        -0.25111        16.13393
        -0.25051        16.04369
        -0.24990        15.95935
        -0.24930        15.88091
        -0.24870        15.80835
        -0.24810        15.74166
        -0.24750        15.68082
        -0.24690        15.62581
        -0.24630        15.57662
        -0.24570        15.53321
        -0.24510        15.49557
        -0.24450        15.46367
        -0.24390        15.43747
        -0.24330        15.41695
        -0.24270        15.40206
        -0.24210        15.39278
        -0.24150        15.38907
        -0.24090        15.39087
        -0.24030        15.39814
        -0.23970        15.41084
        -0.23910        15.42890
        -0.23850        15.45228
        -0.23790        15.48090
        -0.23730        15.51469
        -0.23670        15.55359
        -0.23610        15.59751
        -0.23550        15.64637
        -0.23490        15.70007
        -0.23430        15.75853
        -0.23370        15.82162
        -0.23310        15.88924
        -0.23250        15.96127
        -0.23190        16.03759
        -0.23130        16.11804
        -0.23070        16.20250
        -0.23010        16.29081
        -0.22950        16.38281
        -0.22890        16.47833
        -0.22830        16.57720
        -0.22770        16.67924
        -0.22710        16.78426
        -0.22650        16.89207
        -0.22590        17.00247
        -0.22530        17.11525
        -0.22470        17.23021
        -0.22410        17.34713
        -0.22350        17.46580
        -0.22290        17.58602
        -0.22230        17.70757
        -0.22170        17.83023
        -0.22110        17.95380
        -0.22050        18.07808
        -0.21990        18.20286
        -0.21930        18.32797
        -0.21870        18.45321
        -0.21810        18.57841
        -0.21750        18.70342
        -0.21690        18.82808
        -0.21630        18.95225
        -0.21570        19.07582
        -0.21510        19.19867
        -0.21450        19.32072
        -0.21390        19.44189
        -0.21330        19.56212
        -0.21270        19.68138
        -0.21210        19.79962
        -0.21150        19.91686
        -0.21090        20.03310
        -0.21030        20.14836
        -0.20970        20.26269
        -0.20910        20.37614
        -0.20850        20.48879
        -0.20790        20.60072
        -0.20730        20.71203
        -0.20670        20.82283
        -0.20610        20.93323
        -0.20550        21.04338
        -0.20490        21.15340
        -0.20430        21.26344
        -0.20370        21.37365
        -0.20310        21.48418
        -0.20250        21.59519
        -0.20190        21.70683
        -0.20130        21.81926
        -0.20070        21.93263
        -0.20010        22.04710
        -0.19950        22.16282
        -0.19890        22.27992
        -0.19830        22.39853
        -0.19770        22.51880
        -0.19710        22.64082
        -0.19650        22.76471
        -0.19590        22.89057
        -0.19530        23.01846
        -0.19470        23.14846
        -0.19410        23.28062
        -0.19350        23.41497
        -0.19290        23.55153
        -0.19230        23.69029
        -0.19170        23.83124
        -0.19110        23.97434
        -0.19050        24.11952
        -0.18990        24.26671
        -0.18930        24.41581
        -0.18870        24.56670
        -0.18810        24.71924
        -0.18750        24.87327
        -0.18690        25.02863
        -0.18630        25.18512
        -0.18570        25.34254
        -0.18510        25.50069
        -0.18450        25.65934
        -0.18390        25.81827
        -0.18330        25.97725
        -0.18270        26.13608
        -0.18210        26.29452
        -0.18150        26.45239
        -0.18090        26.60949
        -0.18030        26.76565
        -0.17970        26.92074
        -0.17910        27.07464
        -0.17850        27.22726
        -0.17790        27.37856
        -0.17730        27.52851
        -0.17670        27.67713
        -0.17610        27.82449
        -0.17550        27.97067
        -0.17490        28.11582
        -0.17430        28.26008
        -0.17370        28.40365
        -0.17310        28.54676
        -0.17250        28.68967
        -0.17190        28.83263
        -0.17130        28.97593
        -0.17069        29.11989
        -0.17009        29.26480
        -0.16949        29.41099
        -0.16889        29.55877
        -0.16829        29.70846
        -0.16769        29.86038
        -0.16709        30.01484
        -0.16649        30.17214
        -0.16589        30.33257
        -0.16529        30.49643
        -0.16469        30.66399
        -0.16409        30.83553
        -0.16349        31.01130
        -0.16289        31.19157
        -0.16229        31.37658
        -0.16169        31.56659
        -0.16109        31.76185
        -0.16049        31.96260
        -0.15989        32.16910
        -0.15929        32.38158
        -0.15869        32.60031
        -0.15809        32.82555
        -0.15749        33.05756
        -0.15689        33.29660
        -0.15629        33.54294
        -0.15569        33.79684
        -0.15509        34.05859
        -0.15449        34.32842
        -0.15389        34.60659
        -0.15329        34.89332
        -0.15269        35.18881
        -0.15209        35.49323
        -0.15149        35.80668
        -0.15089        36.12923
        -0.15029        36.46083
        -0.14969        36.80138
        -0.14909        37.15065
        -0.14849        37.50825
        -0.14789        37.87368
        -0.14729        38.24623
        -0.14669        38.62499
        -0.14609        39.00882
        -0.14549        39.39634
        -0.14489        39.78586
        -0.14429        40.17543
        -0.14369        40.56277
        -0.14309        40.94527
        -0.14249        41.31999
        -0.14189        41.68368
        -0.14129        42.03279
        -0.14069        42.36347
        -0.14009        42.67165
        -0.13949        42.95308
        -0.13889        43.20340
        -0.13829        43.41824
        -0.13769        43.59330
        -0.13709        43.72445
        -0.13649        43.80786
        -0.13589        43.84013
        -0.13529        43.81833
        -0.13469        43.74018
        -0.13409        43.60406
        -0.13349        43.40913
        -0.13289        43.15533
        -0.13229        42.84341
        -0.13169        42.47489
        -0.13109        42.05205
        -0.13049        41.57784
        -0.12989        41.05581
        -0.12929        40.48997
        -0.12869        39.88475
        -0.12809        39.24480
        -0.12749        38.57496
        -0.12689        37.88008
        -0.12629        37.16496
        -0.12569        36.43428
        -0.12509        35.69250
        -0.12449        34.94379
        -0.12389        34.19205
        -0.12329        33.44081
        -0.12269        32.69327
        -0.12209        31.95227
        -0.12149        31.22028
        -0.12089        30.49946
        -0.12029        29.79162
        -0.11969        29.09829
        -0.11909        28.42069
        -0.11849        27.75982
        -0.11789        27.11643
        -0.11729        26.49108
        -0.11669        25.88414
        -0.11609        25.29582
        -0.11549        24.72620
        -0.11489        24.17526
        -0.11429        23.64287
        -0.11369        23.12880
        -0.11309        22.63278
        -0.11249        22.15448
        -0.11189        21.69351
        -0.11129        21.24946
        -0.11069        20.82191
        -0.11009        20.41038
        -0.10949        20.01442
        -0.10889        19.63355
        -0.10829        19.26729
        -0.10769        18.91517
        -0.10709        18.57671
        -0.10649        18.25145
        -0.10589        17.93893
        -0.10529        17.63870
        -0.10469        17.35033
        -0.10409        17.07340
        -0.10349        16.80748
        -0.10289        16.55219
        -0.10229        16.30713
        -0.10169        16.07194
        -0.10109        15.84624
        -0.10049        15.62971
        -0.09989        15.42199
        -0.09929        15.22278
        -0.09869        15.03175
        -0.09809        14.84863
        -0.09749        14.67310
        -0.09689        14.50492
        -0.09629        14.34380
        -0.09569        14.18950
        -0.09509        14.04176
        -0.09449        13.90036
        -0.09389        13.76507
        -0.09329        13.63566
        -0.09269        13.51193
        -0.09209        13.39367
        -0.09148        13.28068
        -0.09088        13.17278
        -0.09028        13.06978
        -0.08968        12.97149
        -0.08908        12.87775
        -0.08848        12.78838
        -0.08788        12.70321
        -0.08728        12.62210
        -0.08668        12.54486
        -0.08608        12.47136
        -0.08548        12.40144
        -0.08488        12.33495
        -0.08428        12.27173
        -0.08368        12.21165
        -0.08308        12.15455
        -0.08248        12.10029
        -0.08188        12.04874
        -0.08128        11.99974
        -0.08068        11.95315
        -0.08008        11.90884
        -0.07948        11.86666
        -0.07888        11.82646
        -0.07828        11.78811
        -0.07768        11.75146
        -0.07708        11.71637
        -0.07648        11.68269
        -0.07588        11.65029
        -0.07528        11.61901
        -0.07468        11.58871
        -0.07408        11.55925
        -0.07348        11.53048
        -0.07288        11.50226
        -0.07228        11.47444
        -0.07168        11.44688
        -0.07108        11.41944
        -0.07048        11.39197
        -0.06988        11.36435
        -0.06928        11.33643
        -0.06868        11.30808
        -0.06808        11.27917
        -0.06748        11.24959
        -0.06688        11.21920
        -0.06628        11.18791
        -0.06568        11.15560
        -0.06508        11.12217
        -0.06448        11.08753
        -0.06388        11.05161
        -0.06328        11.01431
        -0.06268        10.97559
        -0.06208        10.93539
        -0.06148        10.89365
        -0.06088        10.85036
        -0.06028        10.80548
        -0.05968        10.75902
        -0.05908        10.71096
        -0.05848        10.66133
        -0.05788        10.61015
        -0.05728        10.55746
        -0.05668        10.50331
        -0.05608        10.44775
        -0.05548        10.39086
        -0.05488        10.33272
        -0.05428        10.27342
        -0.05368        10.21305
        -0.05308        10.15174
        -0.05248        10.08958
        -0.05188        10.02670
        -0.05128         9.96324
        -0.05068         9.89932
        -0.05008         9.83508
        -0.04948         9.77065
        -0.04888         9.70619
        -0.04828         9.64183
        -0.04768         9.57772
        -0.04708         9.51400
        -0.04648         9.45081
        -0.04588         9.38830
        -0.04528         9.32661
        -0.04468         9.26587
        -0.04408         9.20621
        -0.04348         9.14777
        -0.04288         9.09067
        -0.04228         9.03503
        -0.04168         8.98098
        -0.04108         8.92862
        -0.04048         8.87806
        -0.03988         8.82941
        -0.03928         8.78276
        -0.03868         8.73821
        -0.03808         8.69584
        -0.03748         8.65575
        -0.03688         8.61801
        -0.03628         8.58271
        -0.03568         8.54990
        -0.03508         8.51966
        -0.03448         8.49206
        -0.03388         8.46716
        -0.03328         8.44501
        -0.03268         8.42567
        -0.03208         8.40920
        -0.03148         8.39564
        -0.03088         8.38506
        -0.03028         8.37748
        -0.02968         8.37296
        -0.02908         8.37155
        -0.02848         8.37329
        -0.02788         8.37821
        -0.02728         8.38637
        -0.02668         8.39781
        -0.02608         8.41257
        -0.02548         8.43068
        -0.02488         8.45220
        -0.02428         8.47716
        -0.02368         8.50561
        -0.02308         8.53759
        -0.02248         8.57314
        -0.02188         8.61232
        -0.02128         8.65516
        -0.02068         8.70171
        -0.02008         8.75203
        -0.01948         8.80615
        -0.01888         8.86413
        -0.01828         8.92601
        -0.01768         8.99185
        -0.01708         9.06170
        -0.01648         9.13561
        -0.01588         9.21363
        -0.01528         9.29582
        -0.01468         9.38222
        -0.01408         9.47288
        -0.01348         9.56786
        -0.01287         9.66720
        -0.01227         9.77096
        -0.01167         9.87917
        -0.01107         9.99189
        -0.01047        10.10914
        -0.00987        10.23098
        -0.00927        10.35741
        -0.00867        10.48848
        -0.00807        10.62421
        -0.00747        10.76460
        -0.00687        10.90965
        -0.00627        11.05937
        -0.00567        11.21374
        -0.00507        11.37273
        -0.00447        11.53629
        -0.00387        11.70438
        -0.00327        11.87693
        -0.00267        12.05384
        -0.00207        12.23501
        -0.00147        12.42030
        -0.00087        12.60958
        -0.00027        12.80266
         0.00033        12.99935
         0.00093        13.19943
         0.00153        13.40264
         0.00213        13.60870
         0.00273        13.81730
         0.00333        14.02811
         0.00393        14.24076
         0.00453        14.45484
         0.00513        14.66994
         0.00573        14.88561
         0.00633        15.10135
         0.00693        15.31667
         0.00753        15.53105
         0.00813        15.74395
         0.00873        15.95481
         0.00933        16.16307
         0.00993        16.36816
         0.01053        16.56952
         0.01113        16.76660
         0.01173        16.95884
         0.01233        17.14572
         0.01293        17.32675
         0.01353        17.50144
         0.01413        17.66937
         0.01473        17.83015
         0.01533        17.98343
         0.01593        18.12892
         0.01653        18.26638
         0.01713        18.39561
         0.01773        18.51651
         0.01833        18.62900
         0.01893        18.73307
         0.01953        18.82877
         0.02013        18.91622
         0.02073        18.99557
         0.02133        19.06704
         0.02193        19.13088
         0.02253        19.18740
         0.02313        19.23694
         0.02373        19.27988
         0.02433        19.31663
         0.02493        19.34762
         0.02553        19.37331
         0.02613        19.39416
         0.02673        19.41066
         0.02733        19.42330
         0.02793        19.43258
         0.02853        19.43900
         0.02913        19.44304
         0.02973        19.44521
         0.03033        19.44598
         0.03093        19.44584
         0.03153        19.44525
         0.03213        19.44466
         0.03273        19.44453
         0.03333        19.44529
         0.03393        19.44735
         0.03453        19.45111
         0.03513        19.45697
         0.03573        19.46531
         0.03633        19.47649
         0.03693        19.49086
         0.03753        19.50876
         0.03813        19.53052
         0.03873        19.55645
         0.03933        19.58685
         0.03993        19.62202
         0.04053        19.66223
         0.04113        19.70776
         0.04173        19.75886
         0.04233        19.81578
         0.04293        19.87877
         0.04353        19.94803
         0.04413        20.02380
         0.04473        20.10627
         0.04533        20.19562
         0.04593        20.29204
         0.04653        20.39568
         0.04713        20.50666
         0.04773        20.62512
         0.04833        20.75114
         0.04893        20.88479
         0.04953        21.02609
         0.05013        21.17505
         0.05073        21.33160
         0.05133        21.49567
         0.05193        21.66710
         0.05253        21.84567
         0.05313        22.03111
         0.05373        22.22306
         0.05433        22.42106
         0.05493        22.62456
         0.05553        22.83291
         0.05613        23.04533
         0.05673        23.26091
         0.05733        23.47859
         0.05793        23.69717
         0.05853        23.91530
         0.05913        24.13142
         0.05973        24.34386
         0.06033        24.55073
         0.06093        24.74999
         0.06153        24.93946
         0.06213        25.11679
         0.06273        25.27952
         0.06333        25.42510
         0.06393        25.55092
         0.06453        25.65439
         0.06513        25.73292
         0.06573        25.78405
         0.06634        25.80549
         0.06694        25.79515
         0.06754        25.75129
         0.06814        25.67248
         0.06874        25.55773
         0.06934        25.40652
         0.06994        25.21880
         0.07054        24.99507
         0.07114        24.73631
         0.07174        24.44402
         0.07234        24.12015
         0.07294        23.76708
         0.07354        23.38753
         0.07414        22.98452
         0.07474        22.56124
         0.07534        22.12103
         0.07594        21.66727
         0.07654        21.20331
         0.07714        20.73239
         0.07774        20.25762
         0.07834        19.78189
         0.07894        19.30788
         0.07954        18.83800
         0.08014        18.37439
         0.08074        17.91891
         0.08134        17.47315
         0.08194        17.03844
         0.08254        16.61587
         0.08314        16.20627
         0.08374        15.81029
         0.08434        15.42836
         0.08494        15.06076
         0.08554        14.70762
         0.08614        14.36894
         0.08674        14.04461
         0.08734        13.73442
         0.08794        13.43811
         0.08854        13.15534
         0.08914        12.88574
         0.08974        12.62888
         0.09034        12.38432
         0.09094        12.15161
         0.09154        11.93028
         0.09214        11.71984
         0.09274        11.51983
         0.09334        11.32978
         0.09394        11.14922
         0.09454        10.97771
         0.09514        10.81480
         0.09574        10.66007
         0.09634        10.51311
         0.09694        10.37353
         0.09754        10.24093
         0.09814        10.11497
         0.09874         9.99529
         0.09934         9.88156
         0.09994         9.77347
         0.10054         9.67072
         0.10114         9.57301
         0.10174         9.48009
         0.10234         9.39169
         0.10294         9.30757
         0.10354         9.22750
         0.10414         9.15126
         0.10474         9.07863
         0.10534         9.00944
         0.10594         8.94348
         0.10654         8.88057
         0.10714         8.82057
         0.10774         8.76329
         0.10834         8.70860
         0.10894         8.65635
         0.10954         8.60640
         0.11014         8.55863
         0.11074         8.51291
         0.11134         8.46913
         0.11194         8.42717
         0.11254         8.38693
         0.11314         8.34830
         0.11374         8.31121
         0.11434         8.27554
         0.11494         8.24122
         0.11554         8.20816
         0.11614         8.17628
         0.11674         8.14550
         0.11734         8.11576
         0.11794         8.08698
         0.11854         8.05910
         0.11914         8.03205
         0.11974         8.00576
         0.12034         7.98019
         0.12094         7.95527
         0.12154         7.93096
         0.12214         7.90719
         0.12274         7.88391
         0.12334         7.86109
         0.12394         7.83867
         0.12454         7.81661
         0.12514         7.79487
         0.12574         7.77340
         0.12634         7.75217
         0.12694         7.73114
         0.12754         7.71027
         0.12814         7.68953
         0.12874         7.66889
         0.12934         7.64832
         0.12994         7.62779
         0.13054         7.60726
         0.13114         7.58672
         0.13174         7.56613
         0.13234         7.54548
         0.13294         7.52475
         0.13354         7.50391
         0.13414         7.48295
         0.13474         7.46184
         0.13534         7.44057
         0.13594         7.41914
         0.13654         7.39752
         0.13714         7.37570
         0.13774         7.35367
         0.13834         7.33143
         0.13894         7.30897
         0.13954         7.28628
         0.14014         7.26335
         0.14074         7.24019
         0.14134         7.21678
         0.14194         7.19314
         0.14254         7.16926
         0.14314         7.14513
         0.14374         7.12077
         0.14434         7.09617
         0.14495         7.07135
         0.14555         7.04630
         0.14615         7.02103
         0.14675         6.99555
         0.14735         6.96987
         0.14795         6.94399
         0.14855         6.91793
         0.14915         6.89169
         0.14975         6.86529
         0.15035         6.83873
         0.15095         6.81203
         0.15155         6.78520
         0.15215         6.75824
         0.15275         6.73119
         0.15335         6.70404
         0.15395         6.67681
         0.15455         6.64951
         0.15515         6.62217
         0.15575         6.59478
         0.15635         6.56736
         0.15695         6.53994
         0.15755         6.51251
         0.15815         6.48511
         0.15875         6.45772
         0.15935         6.43039
         0.15995         6.40310
         0.16055         6.37588
         0.16115         6.34875
         0.16175         6.32170
         0.16235         6.29476
         0.16295         6.26794
         0.16355         6.24124
         0.16415         6.21468
         0.16475         6.18827
         0.16535         6.16202
         0.16595         6.13594
         0.16655         6.11004
         0.16715         6.08433
         0.16775         6.05881
         0.16835         6.03349
         0.16895         6.00839
         0.16955         5.98351
         0.17015         5.95885
         0.17075         5.93443
         0.17135         5.91024
         0.17195         5.88630
         0.17255         5.86260
         0.17315         5.83916
         0.17375         5.81598
         0.17435         5.79306
         0.17495         5.77040
         0.17555         5.74802
         0.17615         5.72590
         0.17675         5.70405
         0.17735         5.68248
         0.17795         5.66119
         0.17855         5.64017
         0.17915         5.61942
         0.17975         5.59896
         0.18035         5.57877
         0.18095         5.55886
         0.18155         5.53923
         0.18215         5.51988
         0.18275         5.50079
         0.18335         5.48198
         0.18395         5.46345
         0.18455         5.44518
         0.18515         5.42718
         0.18575         5.40944
         0.18635         5.39196
         0.18695         5.37475
         0.18755         5.35779
         0.18815         5.34108
         0.18875         5.32462
         0.18935         5.30841
         0.18995         5.29244
         0.19055         5.27670
         0.19115         5.26120
         0.19175         5.24593
         0.19235         5.23089
         0.19295         5.21606
         0.19355         5.20145
         0.19415         5.18706
         0.19475         5.17286
         0.19535         5.15887
         0.19595         5.14508
         0.19655         5.13148
         0.19715         5.11806
         0.19775         5.10483
         0.19835         5.09177
         0.19895         5.07888
         0.19955         5.06616
         0.20015         5.05360
         0.20075         5.04119
         0.20135         5.02893
         0.20195         5.01681
         0.20255         5.00483
         0.20315         4.99298
         0.20375         4.98126
         0.20435         4.96966
         0.20495         4.95817
         0.20555         4.94679
         0.20615         4.93552
         0.20675         4.92434
         0.20735         4.91325
         0.20795         4.90224
         0.20855         4.89132
         0.20915         4.88047
         0.20975         4.86969
         0.21035         4.85897
         0.21095         4.84830
         0.21155         4.83769
         0.21215         4.82712
         0.21275         4.81659
         0.21335         4.80609
         0.21395         4.79562
         0.21455         4.78517
         0.21515         4.77474
         0.21575         4.76431
         0.21635         4.75390
         0.21695         4.74348
         0.21755         4.73306
         0.21815         4.72262
         0.21875         4.71217
         0.21935         4.70170
         0.21995         4.69120
         0.22055         4.68068
         0.22115         4.67012
         0.22175         4.65952
         0.22235         4.64887
         0.22295         4.63818
         0.22355         4.62743
         0.22416         4.61663
         0.22476         4.60577
         0.22536         4.59485
         0.22596         4.58386
         0.22656         4.57280
         0.22716         4.56167
         0.22776         4.55047
         0.22836         4.53918
         0.22896         4.52782
         0.22956         4.51638
         0.23016         4.50485
         0.23076         4.49324
         0.23136         4.48155
         0.23196         4.46976
         0.23256         4.45789
         0.23316         4.44593
         0.23376         4.43388
         0.23436         4.42175
         0.23496         4.40952
         0.23556         4.39721
         0.23616         4.38481
         0.23676         4.37232
         0.23736         4.35974
         0.23796         4.34708
         0.23856         4.33434
         0.23916         4.32152
         0.23976         4.30862
         0.24036         4.29564
         0.24096         4.28259
         0.24156         4.26946
         0.24216         4.25627
         0.24276         4.24301
         0.24336         4.22969
         0.24396         4.21630
         0.24456         4.20286
         0.24516         4.18937
         0.24576         4.17583
         0.24636         4.16224
         0.24696         4.14861
         0.24756         4.13495
         0.24816         4.12125
         0.24876         4.10752
         0.24936         4.09376
         0.24996         4.07999
         0.25056         4.06620
         0.25116         4.05240
         0.25176         4.03859
         0.25236         4.02478
         0.25296         4.01097
         0.25356         3.99716
         0.25416         3.98337
         0.25476         3.96960
         0.25536         3.95584
         0.25596         3.94211
         0.25656         3.92841
         0.25716         3.91474
         0.25776         3.90111
         0.25836         3.88753
         0.25896         3.87399
         0.25956         3.86050
         0.26016         3.84707
         0.26076         3.83370
         0.26136         3.82040
         0.26196         3.80716
         0.26256         3.79399
         0.26316         3.78090
         0.26376         3.76789
         0.26436         3.75497
         0.26496         3.74213
         0.26556         3.72938
         0.26616         3.71672
         0.26676         3.70417
         0.26736         3.69171
         0.26796         3.67936
         0.26856         3.66712
         0.26916         3.65498
         0.26976         3.64296
         0.27036         3.63105
         0.27096         3.61926
         0.27156         3.60759
         0.27216         3.59605
         0.27276         3.58462
         0.27336         3.57333
         0.27396         3.56217
         0.27456         3.55113
         0.27516         3.54023
         0.27576         3.52947
         0.27636         3.51884
         0.27696         3.50834
         0.27756         3.49799
         0.27816         3.48778
         0.27876         3.47771
         0.27936         3.46778
         0.27996         3.45800
         0.28056         3.44836
         0.28116         3.43886
         0.28176         3.42952
         0.28236         3.42032
         0.28296         3.41126
         0.28356         3.40236
         0.28416         3.39360
         0.28476         3.38499
         0.28536         3.37652
         0.28596         3.36821
         0.28656         3.36005
         0.28716         3.35203
         0.28776         3.34416
         0.28836         3.33644
         0.28896         3.32886
         0.28956         3.32143
         0.29016         3.31415
         0.29076         3.30701
         0.29136         3.30002
         0.29196         3.29317
         0.29256         3.28646
         0.29316         3.27990
         0.29376         3.27347
         0.29436         3.26719
         0.29496         3.26104
         0.29556         3.25503
         0.29616         3.24916
         0.29676         3.24342
         0.29736         3.23781
         0.29796         3.23234
         0.29856         3.22699
         0.29916         3.22178
         0.29976         3.21668
         0.30036         3.21172
         0.30096         3.20687
         0.30156         3.20215
         0.30216         3.19754
         0.30277         3.19305
         0.30337         3.18868
         0.30397         3.18442
         0.30457         3.18027
         0.30517         3.17622
         0.30577         3.17228
         0.30637         3.16845
         0.30697         3.16471
         0.30757         3.16107
         0.30817         3.15753
         0.30877         3.15408
         0.30937         3.15073
         0.30997         3.14746
         0.31057         3.14427
         0.31117         3.14117
         0.31177         3.13815
         0.31237         3.13521
         0.31297         3.13234
         0.31357         3.12955
         0.31417         3.12683
         0.31477         3.12417
         0.31537         3.12157
         0.31597         3.11904
         0.31657         3.11657
         0.31717         3.11416
         0.31777         3.11180
         0.31837         3.10949
         0.31897         3.10723
         0.31957         3.10501
         0.32017         3.10284
         0.32077         3.10072
         0.32137         3.09863
         0.32197         3.09658
         0.32257         3.09456
         0.32317         3.09258
         0.32377         3.09063
         0.32437         3.08870
         0.32497         3.08681
         0.32557         3.08494
         0.32617         3.08309
         0.32677         3.08127
         0.32737         3.07947
         0.32797         3.07769
         0.32857         3.07592
         0.32917         3.07418
         0.32977         3.07245
         0.33037         3.07074
         0.33097         3.06904
         0.33157         3.06736
         0.33217         3.06570
         0.33277         3.06405
         0.33337         3.06241
         0.33397         3.06080
         0.33457         3.05920
         0.33517         3.05761
         0.33577         3.05605
         0.33637         3.05450
         0.33697         3.05297
         0.33757         3.05147
         0.33817         3.04999
         0.33877         3.04854
         0.33937         3.04711
         0.33997         3.04572
         0.34057         3.04436
         0.34117         3.04304
         0.34177         3.04175
         0.34237         3.04051
         0.34297         3.03932
         0.34357         3.03818
         0.34417         3.03709
         0.34477         3.03606
         0.34537         3.03509
         0.34597         3.03419
         0.34657         3.03337
         0.34717         3.03263
         0.34777         3.03197
         0.34837         3.03140
         0.34897         3.03092
         0.34957         3.03055
         0.35017         3.03029
         0.35077         3.03015
         0.35137         3.03013
         0.35197         3.03024
         0.35257         3.03048
         0.35317         3.03088
         0.35377         3.03143
         0.35437         3.03214
         0.35497         3.03303
         0.35557         3.03410
         0.35617         3.03535
         0.35677         3.03681
         0.35737         3.03848
         0.35797         3.04037
         0.35857         3.04249
         0.35917         3.04485
         0.35977         3.04747
         0.36037         3.05035
         0.36097         3.05351
         0.36157         3.05696
         0.36217         3.06072
         0.36277         3.06479
         0.36337         3.06919
         0.36397         3.07393
         0.36457         3.07904
         0.36517         3.08452
         0.36577         3.09039
         0.36637         3.09666
         0.36697         3.10336
         0.36757         3.11050
         0.36817         3.11810
         0.36877         3.12618
         0.36937         3.13475
         0.36997         3.14385
         0.37057         3.15348
         0.37117         3.16367
         0.37177         3.17445
         0.37237         3.18584
         0.37297         3.19786
         0.37357         3.21053
         0.37417         3.22390
         0.37477         3.23798
         0.37537         3.25280
         0.37597         3.26840
         0.37657         3.28480
         0.37717         3.30205
         0.37777         3.32018
         0.37837         3.33922
         0.37897         3.35922
         0.37957         3.38022
         0.38017         3.40225
         0.38077         3.42538
         0.38137         3.44964
         0.38198         3.47509
         0.38258         3.50178
         0.38318         3.52977
         0.38378         3.55912
         0.38438         3.58989
         0.38498         3.62216
         0.38558         3.65598
         0.38618         3.69145
         0.38678         3.72864
         0.38738         3.76762
         0.38798         3.80851
         0.38858         3.85138
         0.38918         3.89633
         0.38978         3.94349
         0.39038         3.99295
         0.39098         4.04483
         0.39158         4.09927
         0.39218         4.15639
         0.39278         4.21633
         0.39338         4.27923
         0.39398         4.34526
         0.39458         4.41457
         0.39518         4.48733
         0.39578         4.56370
         0.39638         4.64388
         0.39698         4.72805
         0.39758         4.81639
         0.39818         4.90910
         0.39878         5.00637
         0.39938         5.10839
         0.39998         5.21536
         0.40058         5.32746
         0.40118         5.44485
         0.40178         5.56768
         0.40238         5.69610
         0.40298         5.83019
         0.40358         5.97002
         0.40418         6.11560
         0.40478         6.26690
         0.40538         6.42379
         0.40598         6.58607
         0.40658         6.75347
         0.40718         6.92557
         0.40778         7.10184
         0.40838         7.28163
         0.40898         7.46414
         0.40958         7.64840
         0.41018         7.83330
         0.41078         8.01758
         0.41138         8.19984
         0.41198         8.37853
         0.41258         8.55204
         0.41318         8.71867
         0.41378         8.87671
         0.41438         9.02447
         0.41498         9.16035
         0.41558         9.28288
         0.41618         9.39079
         0.41678         9.48304
         0.41738         9.55887
         0.41798         9.61781
         0.41858         9.65973
         0.41918         9.68479
         0.41978         9.69345
         0.42038         9.68645
         0.42098         9.66473
         0.42158         9.62945
         0.42218         9.58188
         0.42278         9.52339
         0.42338         9.45538
         0.42398         9.37925
         0.42458         9.29637
         0.42518         9.20805
         0.42578         9.11551
         0.42638         9.01986
         0.42698         8.92213
         0.42758         8.82321
         0.42818         8.72389
         0.42878         8.62485
         0.42938         8.52668
         0.42998         8.42987
         0.43058         8.33481
         0.43118         8.24184
         0.43178         8.15121
         0.43238         8.06313
         0.43298         7.97775
         0.43358         7.89518
         0.43418         7.81549
         0.43478         7.73873
         0.43538         7.66490
         0.43598         7.59401
         0.43658         7.52604
         0.43718         7.46096
         0.43778         7.39873
         0.43838         7.33929
         0.43898         7.28259
         0.43958         7.22857
         0.44018         7.17718
         0.44078         7.12834
         0.44138         7.08201
         0.44198         7.03811
         0.44258         6.99659
         0.44318         6.95738
         0.44378         6.92044
         0.44438         6.88569
         0.44498         6.85310
         0.44558         6.82261
         0.44618         6.79418
         0.44678         6.76775
         0.44738         6.74329
         0.44798         6.72076
         0.44858         6.70011
         0.44918         6.68132
         0.44978         6.66435
         0.45038         6.64916
         0.45098         6.63574
         0.45158         6.62406
         0.45218         6.61409
         0.45278         6.60581
         0.45338         6.59920
         0.45398         6.59424
         0.45458         6.59092
         0.45518         6.58921
         0.45578         6.58911
         0.45638         6.59061
         0.45698         6.59369
         0.45758         6.59834
         0.45818         6.60455
         0.45878         6.61231
         0.45938         6.62162
         0.45998         6.63247
         0.46058         6.64485
         0.46119         6.65875
         0.46179         6.67417
         0.46239         6.69110
         0.46299         6.70954
         0.46359         6.72947
         0.46419         6.75089
         0.46479         6.77380
         0.46539         6.79817
         0.46599         6.82401
         0.46659         6.85130
         0.46719         6.88002
         0.46779         6.91018
         0.46839         6.94174
         0.46899         6.97470
         0.46959         7.00903
         0.47019         7.04471
         0.47079         7.08173
         0.47139         7.12005
         0.47199         7.15965
         0.47259         7.20049
         0.47319         7.24255
         0.47379         7.28579
         0.47439         7.33016
         0.47499         7.37563
         0.47559         7.42216
         0.47619         7.46968
         0.47679         7.51816
         0.47739         7.56754
         0.47799         7.61776
         0.47859         7.66876
         0.47919         7.72048
         0.47979         7.77286
         0.48039         7.82581
         0.48099         7.87929
         0.48159         7.93320
         0.48219         7.98748
         0.48279         8.04206
         0.48339         8.09685
         0.48399         8.15178
         0.48459         8.20677
         0.48519         8.26174
         0.48579         8.31661
         0.48639         8.37130
         0.48699         8.42574
         0.48759         8.47985
         0.48819         8.53357
         0.48879         8.58680
         0.48939         8.63950
         0.48999         8.69159
         0.49059         8.74300
         0.49119         8.79368
         0.49179         8.84358
         0.49239         8.89263
         0.49299         8.94080
         0.49359         8.98803
         0.49419         9.03428
         0.49479         9.07953
         0.49539         9.12373
         0.49599         9.16686
         0.49659         9.20890
         0.49719         9.24983
         0.49779         9.28963
         0.49839         9.32828
         0.49899         9.36578
         0.49959         9.40213
         0.50019         9.43732
         0.50079         9.47134
         0.50139         9.50421
         0.50199         9.53593
         0.50259         9.56649
         0.50319         9.59592
         0.50379         9.62422
         0.50439         9.65140
         0.50499         9.67746
         0.50559         9.70243
