        -1.20000         0.00000
        -1.19912         0.00000
        -1.19824         0.00000
        -1.19736         0.00000
        -1.19648         0.00000
        -1.19560         0.00000
        -1.19472         0.00000
        -1.19384         0.00000
        -1.19296         0.00000
        -1.19208         0.00000
        -1.19120         0.00000
        -1.19032         0.00000
        -1.18944         0.00000
        -1.18856         0.00000
        -1.18768         0.00000
        -1.18680         0.00000
        -1.18592         0.00000
        -1.18504         0.00000
        -1.18416         0.00000
        -1.18328         0.00000
        -1.18240         0.00000
        -1.18152         0.00000
        -1.18064         0.00000
        -1.17976         0.00000
        -1.17888         0.00000
        -1.17800         0.00000
        -1.17712         0.00000
        -1.17624         0.00000
        -1.17536         0.00000
        -1.17448         0.00000
        -1.17361         0.00000
        -1.17273         0.00000
        -1.17185         0.00000
        -1.17097         0.00000
        -1.17009         0.00000
        -1.16921         0.00000
        -1.16833         0.00000
        -1.16745         0.00000
        -1.16657         0.00000
        -1.16569         0.00000
        -1.16481         0.00000
        -1.16393         0.00000
        -1.16305         0.00000
        -1.16217         0.00000
        -1.16129         0.00000
        -1.16041         0.00000
        -1.15953         0.00000
        -1.15865         0.00000
        -1.15777         0.00000
        -1.15689         0.00000
        -1.15601         0.00000
        -1.15513         0.00000
        -1.15425         0.00000
        -1.15337         0.00000
        -1.15249         0.00000
        -1.15161         0.00000
        -1.15073         0.00000
        -1.14985         0.00000
        -1.14897         0.00000
        -1.14809         0.00000
        -1.14721         0.00000
        -1.14633         0.00000
        -1.14545         0.00000
        -1.14457         0.00000
        -1.14369         0.00000
        -1.14281         0.00000
        -1.14193         0.00000
        -1.14105         0.00000
        -1.14017         0.00000
        -1.13929         0.00000
        -1.13841         0.00000
        -1.13753         0.00000
        -1.13665         0.00000
        -1.13577         0.00000
        -1.13489         0.00000
        -1.13401         0.00000
        -1.13313         0.00000
        -1.13225         0.00000
        -1.13137         0.00000
        -1.13049         0.00000
        -1.12961         0.00000
        -1.12873         0.00000
        -1.12785         0.00000
        -1.12697         0.00000
        -1.12609         0.00000
        -1.12521         0.00000
        -1.12433         0.00000
        -1.12345         0.00000
        -1.12257         0.00000
        -1.12170         0.00000
        -1.12082         0.00000
        -1.11994         0.00000
        -1.11906         0.00000
        -1.11818         0.00000
        -1.11730         0.00000
        -1.11642         0.00000
        -1.11554         0.00000
        -1.11466         0.00000
        -1.11378         0.00000
        -1.11290         0.00000
        -1.11202         0.00000
        -1.11114         0.00000
        -1.11026         0.00000
        -1.10938         0.00000
        -1.10850         0.00000
        -1.10762         0.00000
        -1.10674         0.00000
        -1.10586         0.00000
        -1.10498         0.00000
        -1.10410         0.00000
        -1.10322         0.00000
        -1.10234         0.00000
        -1.10146         0.00000
        -1.10058         0.00000
        -1.09970         0.00000
        -1.09882         0.00000
        -1.09794         0.00000
        -1.09706         0.00000
        -1.09618         0.00000
        -1.09530         0.00000
        -1.09442         0.00000
        -1.09354         0.00000
        -1.09266         0.00000
        -1.09178         0.00000
        -1.09090         0.00000
        -1.09002         0.00000
        -1.08914         0.00000
        -1.08826         0.00000
        -1.08738         0.00000
        -1.08650         0.00000
        -1.08562         0.00000
        -1.08474         0.00000
        -1.08386         0.00000
        -1.08298         0.00000
        -1.08210         0.00000
        -1.08122         0.00000
        -1.08034         0.00000
        -1.07946         0.00000
        -1.07858         0.00000
        -1.07770         0.00000
        -1.07682         0.00000
        -1.07594         0.00000
        -1.07506         0.00000
        -1.07418         0.00000
        -1.07330         0.00000
        -1.07242         0.00000
        -1.07154         0.00000
        -1.07066         0.00000
        -1.06978         0.00000
        -1.06891         0.00000
        -1.06803         0.00000
        -1.06715         0.00000
        -1.06627         0.00000
        -1.06539         0.00000
        -1.06451         0.00000
        -1.06363         0.00000
        -1.06275         0.00000
        -1.06187         0.00000
        -1.06099         0.00000
        -1.06011         0.00000
        -1.05923         0.00000
        -1.05835         0.00000
        -1.05747         0.00000
        -1.05659         0.00000
        -1.05571         0.00000
        -1.05483         0.00000
        -1.05395         0.00000
        -1.05307         0.00000
        -1.05219         0.00000
        -1.05131         0.00000
        -1.05043         0.00000
        -1.04955         0.00000
        -1.04867         0.00000
        -1.04779         0.00000
        -1.04691         0.00000
        -1.04603         0.00000
        -1.04515         0.00000
        -1.04427         0.00000
        -1.04339         0.00000
        -1.04251         0.00000
        -1.04163         0.00000
        -1.04075         0.00000
        -1.03987         0.00000
        -1.03899         0.00000
        -1.03811         0.00000
        -1.03723         0.00000
        -1.03635         0.00000
        -1.03547         0.00000
        -1.03459         0.00000
        -1.03371         0.00000
        -1.03283         0.00000
        -1.03195         0.00000
        -1.03107         0.00000
        -1.03019         0.00000
        -1.02931         0.00000
        -1.02843         0.00000
        -1.02755         0.00000
        -1.02667         0.00000
        -1.02579         0.00000
        -1.02491         0.00000
        -1.02403         0.00000
        -1.02315         0.00000
        -1.02227         0.00000
        -1.02139         0.00000
        -1.02051         0.00000
        -1.01963         0.00000
        -1.01875         0.00000
        -1.01787         0.00000
        -1.01700         0.00000
        -1.01612         0.00000
        -1.01524         0.00000
        -1.01436         0.00000
        -1.01348         0.00000
        -1.01260         0.00000
        -1.01172         0.00000
        -1.01084         0.00000
        -1.00996         0.00000
        -1.00908         0.00000
        -1.00820         0.00000
        -1.00732         0.00000
        -1.00644         0.00000
        -1.00556         0.00000
        -1.00468         0.00000
        -1.00380         0.00000
        -1.00292         0.00000
        -1.00204         0.00000
        -1.00116         0.00000
        -1.00028         0.00000
        -0.99940         0.00000
        -0.99852         0.00000
        -0.99764         0.00000
        -0.99676         0.00000
        -0.99588         0.00000
        -0.99500         0.00000
        -0.99412         0.00000
        -0.99324         0.00000
        -0.99236         0.00000
        -0.99148         0.00000
        -0.99060         0.00000
        -0.98972         0.00000
        -0.98884         0.00000
        -0.98796         0.00000
        -0.98708         0.00000
        -0.98620         0.00000
        -0.98532         0.00000
        -0.98444         0.00000
        -0.98356         0.00000
        -0.98268         0.00000
        -0.98180         0.00000
        -0.98092         0.00000
        -0.98004         0.00000
        -0.97916         0.00000
        -0.97828         0.00000
        -0.97740         0.00000
        -0.97652         0.00000
        -0.97564         0.00000
        -0.97476         0.00000
        -0.97388         0.00000
        -0.97300         0.00000
        -0.97212         0.00000
        -0.97124         0.00000
        -0.97036         0.00000
        -0.96948         0.00000
        -0.96860         0.00000
        -0.96772         0.00000
        -0.96684         0.00000
        -0.96596         0.00000
        -0.96509         0.00000
        -0.96421         0.00000
        -0.96333         0.00000
        -0.96245         0.00000
        -0.96157         0.00000
        -0.96069         0.00000
        -0.95981         0.00000
        -0.95893         0.00000
        -0.95805         0.00000
        -0.95717         0.00000
        -0.95629         0.00000
        -0.95541         0.00000
        -0.95453         0.00000
        -0.95365         0.00000
        -0.95277         0.00000
        -0.95189         0.00000
        -0.95101         0.00000
        -0.95013         0.00000
        -0.94925         0.00000
        -0.94837         0.00000
        -0.94749         0.00000
        -0.94661         0.00000
        -0.94573         0.00000
        -0.94485         0.00000
        -0.94397         0.00000
        -0.94309         0.00000
        -0.94221         0.00000
        -0.94133         0.00000
        -0.94045         0.00000
        -0.93957         0.00000
        -0.93869         0.00000
        -0.93781         0.00000
        -0.93693         0.00000
        -0.93605         0.00000
        -0.93517         0.00000
        -0.93429         0.00000
        -0.93341         0.00000
        -0.93253         0.00000
        -0.93165         0.00000
        -0.93077         0.00000
        -0.92989         0.00000
        -0.92901         0.00000
        -0.92813         0.00000
        -0.92725         0.00000
        -0.92637         0.00000
        -0.92549         0.00000
        -0.92461         0.00000
        -0.92373         0.00000
        -0.92285         0.00000
        -0.92197         0.00000
        -0.92109         0.00000
        -0.92021         0.00000
        -0.91933         0.00000
        -0.91845         0.00000
        -0.91757         0.00000
        -0.91669         0.00000
        -0.91581         0.00000
        -0.91493         0.00000
        -0.91405         0.00000
        -0.91318         0.00000
        -0.91230         0.00000
        -0.91142         0.00000
        -0.91054         0.00000
        -0.90966         0.00000
        -0.90878         0.00000
        -0.90790         0.00000
        -0.90702         0.00000
        -0.90614         0.00000
        -0.90526         0.00000
        -0.90438         0.00000
        -0.90350         0.00000
        -0.90262         0.00000
        -0.90174         0.00000
        -0.90086         0.00000
        -0.89998         0.00000
        -0.89910         0.00000
        -0.89822         0.00000
        -0.89734         0.00000
        -0.89646         0.00000
        -0.89558         0.00000
        -0.89470         0.00000
        -0.89382         0.00000
        -0.89294         0.00000
        -0.89206         0.00000
        -0.89118         0.00000
        -0.89030         0.00000
        -0.88942         0.00000
        -0.88854         0.00000
        -0.88766         0.00000
        -0.88678         0.00000
        -0.88590         0.00000
        -0.88502         0.00000
        -0.88414         0.00000
        -0.88326         0.00000
        -0.88238         0.00000
        -0.88150         0.00000
        -0.88062         0.00000
        -0.87974         0.00000
        -0.87886         0.00000
        -0.87798         0.00000
        -0.87710         0.00000
        -0.87622         0.00000
        -0.87534         0.00000
        -0.87446         0.00000
        -0.87358         0.00000
        -0.87270         0.00000
        -0.87182         0.00000
        -0.87094         0.00000
        -0.87006         0.00000
        -0.86918         0.00000
        -0.86830         0.00000
        -0.86742         0.00000
        -0.86654         0.00000
        -0.86566         0.00000
        -0.86478         0.00000
        -0.86390         0.00000
        -0.86302         0.00000
        -0.86214         0.00000
        -0.86126         0.00000
        -0.86039         0.00000
        -0.85951         0.00000
        -0.85863         0.00000
        -0.85775         0.00000
        -0.85687         0.00000
        -0.85599         0.00000
        -0.85511         0.00000
        -0.85423         0.00000
        -0.85335         0.00000
        -0.85247         0.00000
        -0.85159         0.00000
        -0.85071         0.00000
        -0.84983         0.00000
        -0.84895         0.00000
        -0.84807         0.00000
        -0.84719         0.00000
        -0.84631         0.00000
        -0.84543         0.00000
        -0.84455         0.00000
        -0.84367         0.00000
        -0.84279         0.00000
        -0.84191         0.00000
        -0.84103         0.00000
        -0.84015         0.00000
        -0.83927         0.00000
        -0.83839         0.00000
        -0.83751         0.00000
        -0.83663         0.00000
        -0.83575         0.00000
        -0.83487         0.00000
        -0.83399         0.00000
        -0.83311         0.00000
        -0.83223         0.00000
        -0.83135         0.00000
        -0.83047         0.00000
        -0.82959         0.00000
        -0.82871         0.00000
        -0.82783         0.00000
        -0.82695         0.00000
        -0.82607         0.00000
        -0.82519         0.00000
        -0.82431         0.00000
        -0.82343         0.00000
        -0.82255         0.00000
        -0.82167         0.00000
        -0.82079         0.00001
        -0.81991         0.00001
        -0.81903         0.00001
        -0.81815         0.00002
        -0.81727         0.00002
        -0.81639         0.00003
        -0.81551         0.00003
        -0.81463         0.00004
        -0.81375         0.00005
        -0.81287         0.00006
        -0.81199         0.00007
        -0.81111         0.00008
        -0.81023         0.00010
        -0.80935         0.00012
        -0.80848         0.00014
        -0.80760         0.00017
        -0.80672         0.00020
        -0.80584         0.00025
        -0.80496         0.00030
        -0.80408         0.00036
        -0.80320         0.00043
        -0.80232         0.00053
        -0.80144         0.00064
        -0.80056         0.00078
        -0.79968         0.00096
        -0.79880         0.00118
        -0.79792         0.00146
        -0.79704         0.00181
        -0.79616         0.00226
        -0.79528         0.00284
        -0.79440         0.00359
        -0.79352         0.00458
        -0.79264         0.00588
        -0.79176         0.00762
        -0.79088         0.00998
        -0.79000         0.01322
        -0.78912         0.01771
        -0.78824         0.02405
        -0.78736         0.03310
        -0.78648         0.04617
        -0.78560         0.06509
        -0.78472         0.09217
        -0.78384         0.13137
        -0.78296         0.17793
        -0.78208         0.22734
        -0.78120         0.26284
        -0.78032         0.27467
        -0.77944         0.26769
        -0.77856         0.24704
        -0.77768         0.22379
        -0.77680         0.20250
        -0.77592         0.18486
        -0.77504         0.17094
        -0.77416         0.16027
        -0.77328         0.15241
        -0.77240         0.14688
        -0.77152         0.14330
        -0.77064         0.14138
        -0.76976         0.14091
        -0.76888         0.14174
        -0.76800         0.14377
        -0.76712         0.14692
        -0.76624         0.15116
        -0.76536         0.15646
        -0.76448         0.16281
        -0.76360         0.17024
        -0.76272         0.17872
        -0.76184         0.18829
        -0.76096         0.19893
        -0.76008         0.21062
        -0.75920         0.22335
        -0.75832         0.23702
        -0.75744         0.25154
        -0.75657         0.26676
        -0.75569         0.28246
        -0.75481         0.29838
        -0.75393         0.31421
        -0.75305         0.32959
        -0.75217         0.34414
        -0.75129         0.35749
        -0.75041         0.36930
        -0.74953         0.37928
        -0.74865         0.38724
        -0.74777         0.39309
        -0.74689         0.39685
        -0.74601         0.39863
        -0.74513         0.39863
        -0.74425         0.39712
        -0.74337         0.39439
        -0.74249         0.39078
        -0.74161         0.38661
        -0.74073         0.38222
        -0.73985         0.37794
        -0.73897         0.37414
        -0.73809         0.37124
        -0.73721         0.36977
        -0.73633         0.37051
        -0.73545         0.37460
        -0.73457         0.38383
        -0.73369         0.40094
        -0.73281         0.42962
        -0.73193         0.47287
        -0.73105         0.52924
        -0.73017         0.57548
        -0.72929         0.59334
        -0.72841         0.58101
        -0.72753         0.55456
        -0.72665         0.52762
        -0.72577         0.50569
        -0.72489         0.48967
        -0.72401         0.47950
        -0.72313         0.47277
        -0.72225         0.46978
        -0.72137         0.46977
        -0.72049         0.47228
        -0.71961         0.47702
        -0.71873         0.48379
        -0.71785         0.49247
        -0.71697         0.50299
        -0.71609         0.51532
        -0.71521         0.52947
        -0.71433         0.54545
        -0.71345         0.56328
        -0.71257         0.58298
        -0.71169         0.60453
        -0.71081         0.62788
        -0.70993         0.65291
        -0.70905         0.67943
        -0.70817         0.70710
        -0.70729         0.73548
        -0.70641         0.76400
        -0.70553         0.79197
        -0.70465         0.81862
        -0.70378         0.84320
        -0.70290         0.86507
        -0.70202         0.88373
        -0.70114         0.89893
        -0.70026         0.91065
        -0.69938         0.91912
        -0.69850         0.92470
        -0.69762         0.92786
        -0.69674         0.92909
        -0.69586         0.92887
        -0.69498         0.92761
        -0.69410         0.92564
        -0.69322         0.92322
        -0.69234         0.92057
        -0.69146         0.91784
        -0.69058         0.91512
        -0.68970         0.91249
        -0.68882         0.91002
        -0.68794         0.90774
        -0.68706         0.90569
        -0.68618         0.90391
        -0.68530         0.90243
        -0.68442         0.90129
        -0.68354         0.90051
        -0.68266         0.90013
        -0.68178         0.90020
        -0.68090         0.90075
        -0.68002         0.90181
        -0.67914         0.90343
        -0.67826         0.90565
        -0.67738         0.90849
        -0.67650         0.91200
        -0.67562         0.91619
        -0.67474         0.92109
        -0.67386         0.92671
        -0.67298         0.93308
        -0.67210         0.94019
        -0.67122         0.94803
        -0.67034         0.95660
        -0.66946         0.96586
        -0.66858         0.97577
        -0.66770         0.98630
        -0.66682         0.99738
        -0.66594         1.00892
        -0.66506         1.02086
        -0.66418         1.03308
        -0.66330         1.04548
        -0.66242         1.05795
        -0.66154         1.07037
        -0.66066         1.08261
        -0.65978         1.09457
        -0.65890         1.10613
        -0.65802         1.11721
        -0.65714         1.12772
        -0.65626         1.13760
        -0.65538         1.14681
        -0.65450         1.15535
        -0.65362         1.16321
        -0.65274         1.17044
        -0.65187         1.17707
        -0.65099         1.18319
        -0.65011         1.18886
        -0.64923         1.19418
        -0.64835         1.19925
        -0.64747         1.20416
        -0.64659         1.20901
        -0.64571         1.21390
        -0.64483         1.21892
        -0.64395         1.22415
        -0.64307         1.22966
        -0.64219         1.23552
        -0.64131         1.24179
        -0.64043         1.24851
        -0.63955         1.25572
        -0.63867         1.26346
        -0.63779         1.27174
        -0.63691         1.28059
        -0.63603         1.29001
        -0.63515         1.30001
        -0.63427         1.31057
        -0.63339         1.32171
        -0.63251         1.33340
        -0.63163         1.34563
        -0.63075         1.35839
        -0.62987         1.37165
        -0.62899         1.38539
        -0.62811         1.39959
        -0.62723         1.41422
        -0.62635         1.42926
        -0.62547         1.44467
        -0.62459         1.46043
        -0.62371         1.47652
        -0.62283         1.49291
        -0.62195         1.50958
        -0.62107         1.52649
        -0.62019         1.54364
        -0.61931         1.56101
        -0.61843         1.57857
        -0.61755         1.59631
        -0.61667         1.61424
        -0.61579         1.63233
        -0.61491         1.65060
        -0.61403         1.66904
        -0.61315         1.68765
        -0.61227         1.70645
        -0.61139         1.72545
        -0.61051         1.74466
        -0.60963         1.76411
        -0.60875         1.78382
        -0.60787         1.80381
        -0.60699         1.82412
        -0.60611         1.84478
        -0.60523         1.86582
        -0.60435         1.88728
        -0.60347         1.90921
        -0.60259         1.93166
        -0.60171         1.95468
        -0.60083         1.97834
        -0.59996         2.00268
        -0.59908         2.02780
        -0.59820         2.05376
        -0.59732         2.08067
        -0.59644         2.10863
        -0.59556         2.13775
        -0.59468         2.16816
        -0.59380         2.20002
        -0.59292         2.23347
        -0.59204         2.26871
        -0.59116         2.30594
        -0.59028         2.34538
        -0.58940         2.38726
        -0.58852         2.43187
        -0.58764         2.47948
        -0.58676         2.53041
        -0.58588         2.58501
        -0.58500         2.64363
        -0.58412         2.70667
        -0.58324         2.77453
        -0.58236         2.84767
        -0.58148         2.92653
        -0.58060         3.01161
        -0.57972         3.10341
        -0.57884         3.20245
        -0.57796         3.30927
        -0.57708         3.42441
        -0.57620         3.54844
        -0.57532         3.68189
        -0.57444         3.82533
        -0.57356         3.97930
        -0.57268         4.14430
        -0.57180         4.32083
        -0.57092         4.50935
        -0.57004         4.71026
        -0.56916         4.92394
        -0.56828         5.15068
        -0.56740         5.39074
        -0.56652         5.64431
        -0.56564         5.91151
        -0.56476         6.19241
        -0.56388         6.48701
        -0.56300         6.79526
        -0.56212         7.11705
        -0.56124         7.45221
        -0.56036         7.80051
        -0.55948         8.16160
        -0.55860         8.53502
        -0.55772         8.92015
        -0.55684         9.31612
        -0.55596         9.72177
        -0.55508        10.13555
        -0.55420        10.55545
        -0.55332        10.97891
        -0.55244        11.40282
        -0.55156        11.82349
        -0.55068        12.23676
        -0.54980        12.63812
        -0.54892        13.02295
        -0.54805        13.38678
        -0.54717        13.72556
        -0.54629        14.03595
        -0.54541        14.31550
        -0.54453        14.56272
        -0.54365        14.77709
        -0.54277        14.95892
        -0.54189        15.10918
        -0.54101        15.22927
        -0.54013        15.32085
        -0.53925        15.38563
        -0.53837        15.42531
        -0.53749        15.44152
        -0.53661        15.43578
        -0.53573        15.40960
        -0.53485        15.36446
        -0.53397        15.30188
        -0.53309        15.22345
        -0.53221        15.13078
        -0.53133        15.02554
        -0.53045        14.90942
        -0.52957        14.78405
        -0.52869        14.65099
        -0.52781        14.51169
        -0.52693        14.36746
        -0.52605        14.21945
        -0.52517        14.06868
        -0.52429        13.91597
        -0.52341        13.76205
        -0.52253        13.60750
        -0.52165        13.45283
        -0.52077        13.29845
        -0.51989        13.14473
        -0.51901        12.99200
        -0.51813        12.84055
        -0.51725        12.69069
        -0.51637        12.54269
        -0.51549        12.39686
        -0.51461        12.25348
        -0.51373        12.11286
        -0.51285        11.97532
        -0.51197        11.84118
        -0.51109        11.71075
        -0.51021        11.58439
        -0.50933        11.46240
        -0.50845        11.34514
        -0.50757        11.23292
        -0.50669        11.12608
        -0.50581        11.02493
        -0.50493        10.92978
        -0.50405        10.84094
        -0.50317        10.75871
        -0.50229        10.68337
        -0.50141        10.61521
        -0.50053        10.55450
        -0.49965        10.50150
        -0.49877        10.45647
        -0.49789        10.41965
        -0.49701        10.39131
        -0.49613        10.37166
        -0.49526        10.36094
        -0.49438        10.35937
        -0.49350        10.36718
        -0.49262        10.38457
        -0.49174        10.41174
        -0.49086        10.44888
        -0.48998        10.49617
        -0.48910        10.55377
        -0.48822        10.62181
        -0.48734        10.70041
        -0.48646        10.78967
        -0.48558        10.88964
        -0.48470        11.00032
        -0.48382        11.12168
        -0.48294        11.25363
        -0.48206        11.39601
        -0.48118        11.54859
        -0.48030        11.71106
        -0.47942        11.88302
        -0.47854        12.06396
        -0.47766        12.25327
        -0.47678        12.45025
        -0.47590        12.65404
        -0.47502        12.86372
        -0.47414        13.07821
        -0.47326        13.29636
        -0.47238        13.51690
        -0.47150        13.73849
        -0.47062        13.95972
        -0.46974        14.17915
        -0.46886        14.39534
        -0.46798        14.60683
        -0.46710        14.81226
        -0.46622        15.01030
        -0.46534        15.19977
        -0.46446        15.37963
        -0.46358        15.54897
        -0.46270        15.70710
        -0.46182        15.85351
        -0.46094        15.98790
        -0.46006        16.11019
        -0.45918        16.22048
        -0.45830        16.31907
        -0.45742        16.40643
        -0.45654        16.48318
        -0.45566        16.55007
        -0.45478        16.60796
        -0.45390        16.65777
        -0.45302        16.70049
        -0.45214        16.73715
        -0.45126        16.76875
        -0.45038        16.79633
        -0.44950        16.82086
        -0.44862        16.84329
        -0.44774        16.86452
        -0.44686        16.88537
        -0.44598        16.90662
        -0.44510        16.92897
        -0.44422        16.95303
        -0.44335        16.97934
        -0.44247        17.00839
        -0.44159        17.04057
        -0.44071        17.07620
        -0.43983        17.11554
        -0.43895        17.15878
        -0.43807        17.20603
        -0.43719        17.25736
        -0.43631        17.31277
        -0.43543        17.37220
        -0.43455        17.43554
        -0.43367        17.50263
        -0.43279        17.57325
        -0.43191        17.64716
        -0.43103        17.72405
        -0.43015        17.80359
        -0.42927        17.88538
        -0.42839        17.96902
        -0.42751        18.05406
        -0.42663        18.14001
        -0.42575        18.22636
        -0.42487        18.31257
        -0.42399        18.39809
        -0.42311        18.48231
        -0.42223        18.56465
        -0.42135        18.64448
        -0.42047        18.72117
        -0.41959        18.79408
        -0.41871        18.86258
        -0.41783        18.92600
        -0.41695        18.98374
        -0.41607        19.03515
        -0.41519        19.07963
        -0.41431        19.11662
        -0.41343        19.14556
        -0.41255        19.16595
        -0.41167        19.17735
        -0.41079        19.17936
        -0.40991        19.17166
        -0.40903        19.15401
        -0.40815        19.12623
        -0.40727        19.08827
        -0.40639        19.04013
        -0.40551        18.98194
        -0.40463        18.91391
        -0.40375        18.83635
        -0.40287        18.74968
        -0.40199        18.65440
        -0.40111        18.55107
        -0.40023        18.44035
        -0.39935        18.32295
        -0.39847        18.19963
        -0.39759        18.07118
        -0.39671        17.93840
        -0.39583        17.80210
        -0.39495        17.66310
        -0.39407        17.52216
        -0.39319        17.38003
        -0.39231        17.23741
        -0.39144        17.09491
        -0.39056        16.95311
        -0.38968        16.81252
        -0.38880        16.67354
        -0.38792        16.53652
        -0.38704        16.40174
        -0.38616        16.26938
        -0.38528        16.13958
        -0.38440        16.01239
        -0.38352        15.88782
        -0.38264        15.76585
        -0.38176        15.64640
        -0.38088        15.52936
        -0.38000        15.41464
        -0.37912        15.30211
        -0.37824        15.19166
        -0.37736        15.08319
        -0.37648        14.97661
        -0.37560        14.87186
        -0.37472        14.76891
        -0.37384        14.66774
        -0.37296        14.56840
        -0.37208        14.47091
        -0.37120        14.37538
        -0.37032        14.28191
        -0.36944        14.19063
        -0.36856        14.10168
        -0.36768        14.01523
        -0.36680        13.93146
        -0.36592        13.85054
        -0.36504        13.77267
        -0.36416        13.69802
        -0.36328        13.62679
        -0.36240        13.55914
        -0.36152        13.49526
        -0.36064        13.43531
        -0.35976        13.37945
        -0.35888        13.32781
        -0.35800        13.28054
        -0.35712        13.23777
        -0.35624        13.19962
        -0.35536        13.16621
        -0.35448        13.13764
        -0.35360        13.11404
        -0.35272        13.09552
        -0.35184        13.08217
        -0.35096        13.07414
        -0.35008        13.07154
        -0.34920        13.07451
        -0.34832        13.08322
        -0.34744        13.09782
        -0.34656        13.11851
        -0.34568        13.14550
        -0.34480        13.17903
        -0.34392        13.21936
        -0.34304        13.26678
        -0.34216        13.32162
        -0.34128        13.38424
        -0.34040        13.45503
        -0.33953        13.53440
        -0.33865        13.62283
        -0.33777        13.72082
        -0.33689        13.82891
        -0.33601        13.94769
        -0.33513        14.07777
        -0.33425        14.21984
        -0.33337        14.37461
        -0.33249        14.54286
        -0.33161        14.72542
        -0.33073        14.92317
        -0.32985        15.13706
        -0.32897        15.36812
        -0.32809        15.61745
        -0.32721        15.88623
        -0.32633        16.17573
        -0.32545        16.48733
        -0.32457        16.82254
        -0.32369        17.18296
        -0.32281        17.57035
        -0.32193        17.98662
        -0.32105        18.43386
        -0.32017        18.91431
        -0.31929        19.43045
        -0.31841        19.98494
        -0.31753        20.58068
        -0.31665        21.22083
        -0.31577        21.90878
        -0.31489        22.64815
        -0.31401        23.44283
        -0.31313        24.29687
        -0.31225        25.21449
        -0.31137        26.19992
        -0.31049        27.25730
        -0.30961        28.39043
        -0.30873        29.60244
        -0.30785        30.89540
        -0.30697        32.26967
        -0.30609        33.72322
        -0.30521        35.25064
        -0.30433        36.84213
        -0.30345        38.48236
        -0.30257        40.14936
        -0.30169        41.81379
        -0.30081        43.43877
        -0.29993        44.98071
        -0.29905        46.39134
        -0.29817        47.62121
        -0.29729        48.62422
        -0.29641        49.36279
        -0.29553        49.81255
        -0.29465        49.96556
        -0.29377        49.83129
        -0.29289        49.43501
        -0.29201        48.81418
        -0.29113        48.01349
        -0.29025        47.07986
        -0.28937        46.05811
        -0.28849        44.98791
        -0.28761        43.90209
        -0.28674        42.82620
        -0.28586        41.77882
        -0.28498        40.77249
        -0.28410        39.81475
        -0.28322        38.90931
        -0.28234        38.05700
        -0.28146        37.25664
        -0.28058        36.50573
        -0.27970        35.80097
        -0.27882        35.13862
        -0.27794        34.51481
        -0.27706        33.92572
        -0.27618        33.36773
        -0.27530        32.83748
        -0.27442        32.33192
        -0.27354        31.84836
        -0.27266        31.38444
        -0.27178        30.93815
        -0.27090        30.50781
        -0.27002        30.09202
        -0.26914        29.68967
        -0.26826        29.29989
        -0.26738        28.92205
        -0.26650        28.55567
        -0.26562        28.20045
        -0.26474        27.85622
        -0.26386        27.52290
        -0.26298        27.20051
        -0.26210        26.88912
        -0.26122        26.58885
        -0.26034        26.29984
        -0.25946        26.02224
        -0.25858        25.75622
        -0.25770        25.50194
        -0.25682        25.25952
        -0.25594        25.02911
        -0.25506        24.81080
        -0.25418        24.60468
        -0.25330        24.41080
        -0.25242        24.22920
        -0.25154        24.05989
        -0.25066        23.90285
        -0.24978        23.75806
        -0.24890        23.62544
        -0.24802        23.50492
        -0.24714        23.39640
        -0.24626        23.29976
        -0.24538        23.21487
        -0.24450        23.14157
        -0.24362        23.07968
        -0.24274        23.02902
        -0.24186        22.98937
        -0.24098        22.96052
        -0.24010        22.94221
        -0.23922        22.93417
        -0.23834        22.93612
        -0.23746        22.94772
        -0.23658        22.96865
        -0.23570        22.99852
        -0.23483        23.03693
        -0.23395        23.08343
        -0.23307        23.13754
        -0.23219        23.19872
        -0.23131        23.26642
        -0.23043        23.34000
        -0.22955        23.41880
        -0.22867        23.50208
        -0.22779        23.58907
        -0.22691        23.67891
        -0.22603        23.77072
        -0.22515        23.86353
        -0.22427        23.95633
        -0.22339        24.04805
        -0.22251        24.13758
        -0.22163        24.22378
        -0.22075        24.30545
        -0.21987        24.38140
        -0.21899        24.45042
        -0.21811        24.51132
        -0.21723        24.56293
        -0.21635        24.60411
        -0.21547        24.63381
        -0.21459        24.65105
        -0.21371        24.65497
        -0.21283        24.64482
        -0.21195        24.61999
        -0.21107        24.58004
        -0.21019        24.52469
        -0.20931        24.45383
        -0.20843        24.36754
        -0.20755        24.26609
        -0.20667        24.14988
        -0.20579        24.01950
        -0.20491        23.87568
        -0.20403        23.71926
        -0.20315        23.55119
        -0.20227        23.37246
        -0.20139        23.18411
        -0.20051        22.98721
        -0.19963        22.78276
        -0.19875        22.57175
        -0.19787        22.35506
        -0.19699        22.13347
        -0.19611        21.90765
        -0.19523        21.67811
        -0.19435        21.44524
        -0.19347        21.20925
        -0.19259        20.97021
        -0.19171        20.72806
        -0.19083        20.48259
        -0.18995        20.23351
        -0.18907        19.98043
        -0.18819        19.72289
        -0.18731        19.46042
        -0.18643        19.19257
        -0.18555        18.91890
        -0.18467        18.63906
        -0.18379        18.35278
        -0.18292        18.05993
        -0.18204        17.76052
        -0.18116        17.45468
        -0.18028        17.14274
        -0.17940        16.82515
        -0.17852        16.50252
        -0.17764        16.17559
        -0.17676        15.84520
        -0.17588        15.51229
        -0.17500        15.17785
        -0.17412        14.84291
        -0.17324        14.50852
        -0.17236        14.17571
        -0.17148        13.84546
        -0.17060        13.51871
        -0.16972        13.19634
        -0.16884        12.87914
        -0.16796        12.56781
        -0.16708        12.26298
        -0.16620        11.96516
        -0.16532        11.67481
        -0.16444        11.39225
        -0.16356        11.11777
        -0.16268        10.85156
        -0.16180        10.59374
        -0.16092        10.34437
        -0.16004        10.10346
        -0.15916         9.87097
        -0.15828         9.64682
        -0.15740         9.43089
        -0.15652         9.22303
        -0.15564         9.02309
        -0.15476         8.83086
        -0.15388         8.64615
        -0.15300         8.46876
        -0.15212         8.29845
        -0.15124         8.13500
        -0.15036         7.97820
        -0.14948         7.82782
        -0.14860         7.68362
        -0.14772         7.54540
        -0.14684         7.41294
        -0.14596         7.28603
        -0.14508         7.16446
        -0.14420         7.04803
        -0.14332         6.93656
        -0.14244         6.82985
        -0.14156         6.72774
        -0.14068         6.63006
        -0.13980         6.53663
        -0.13892         6.44731
        -0.13804         6.36195
        -0.13716         6.28041
        -0.13628         6.20255
        -0.13540         6.12825
        -0.13452         6.05738
        -0.13364         5.98984
        -0.13276         5.92551
        -0.13188         5.86428
        -0.13101         5.80608
        -0.13013         5.75079
        -0.12925         5.69834
        -0.12837         5.64864
        -0.12749         5.60162
        -0.12661         5.55721
        -0.12573         5.51533
        -0.12485         5.47592
        -0.12397         5.43892
        -0.12309         5.40429
        -0.12221         5.37195
        -0.12133         5.34187
        -0.12045         5.31400
        -0.11957         5.28829
        -0.11869         5.26472
        -0.11781         5.24323
        -0.11693         5.22380
        -0.11605         5.20640
        -0.11517         5.19100
        -0.11429         5.17757
        -0.11341         5.16609
        -0.11253         5.15654
        -0.11165         5.14890
        -0.11077         5.14315
        -0.10989         5.13928
        -0.10901         5.13728
        -0.10813         5.13714
        -0.10725         5.13885
        -0.10637         5.14239
        -0.10549         5.14778
        -0.10461         5.15499
        -0.10373         5.16404
        -0.10285         5.17492
        -0.10197         5.18762
        -0.10109         5.20216
        -0.10021         5.21854
        -0.09933         5.23676
        -0.09845         5.25682
        -0.09757         5.27873
        -0.09669         5.30249
        -0.09581         5.32812
        -0.09493         5.35562
        -0.09405         5.38500
        -0.09317         5.41627
        -0.09229         5.44943
        -0.09141         5.48449
        -0.09053         5.52146
        -0.08965         5.56035
        -0.08877         5.60115
        -0.08789         5.64388
        -0.08701         5.68854
        -0.08613         5.73513
        -0.08525         5.78366
        -0.08437         5.83411
        -0.08349         5.88649
        -0.08261         5.94080
        -0.08173         5.99702
        -0.08085         6.05514
        -0.07997         6.11516
        -0.07909         6.17707
        -0.07822         6.24083
        -0.07734         6.30644
        -0.07646         6.37387
        -0.07558         6.44310
        -0.07470         6.51410
        -0.07382         6.58684
        -0.07294         6.66130
        -0.07206         6.73745
        -0.07118         6.81525
        -0.07030         6.89468
        -0.06942         6.97571
        -0.06854         7.05831
        -0.06766         7.14246
        -0.06678         7.22815
        -0.06590         7.31535
        -0.06502         7.40408
        -0.06414         7.49432
        -0.06326         7.58610
        -0.06238         7.67944
        -0.06150         7.77438
        -0.06062         7.87097
        -0.05974         7.96929
        -0.05886         8.06941
        -0.05798         8.17143
        -0.05710         8.27550
        -0.05622         8.38173
        -0.05534         8.49031
        -0.05446         8.60139
        -0.05358         8.71519
        -0.05270         8.83192
        -0.05182         8.95179
        -0.05094         9.07506
        -0.05006         9.20196
        -0.04918         9.33274
        -0.04830         9.46765
        -0.04742         9.60691
        -0.04654         9.75074
        -0.04566         9.89931
        -0.04478        10.05278
        -0.04390        10.21124
        -0.04302        10.37471
        -0.04214        10.54315
        -0.04126        10.71644
        -0.04038        10.89432
        -0.03950        11.07646
        -0.03862        11.26236
        -0.03774        11.45143
        -0.03686        11.64290
        -0.03598        11.83588
        -0.03510        12.02934
        -0.03422        12.22210
        -0.03334        12.41288
        -0.03246        12.60030
        -0.03158        12.78292
        -0.03070        12.95926
        -0.02982        13.12784
        -0.02894        13.28726
        -0.02806        13.43617
        -0.02718        13.57340
        -0.02631        13.69793
        -0.02543        13.80897
        -0.02455        13.90593
        -0.02367        13.98852
        -0.02279        14.05667
        -0.02191        14.11057
        -0.02103        14.15068
        -0.02015        14.17764
        -0.01927        14.19230
        -0.01839        14.19567
        -0.01751        14.18888
        -0.01663        14.17316
        -0.01575        14.14977
        -0.01487        14.12001
        -0.01399        14.08519
        -0.01311        14.04658
        -0.01223        14.00539
        -0.01135        13.96281
        -0.01047        13.91992
        -0.00959        13.87776
        -0.00871        13.83727
        -0.00783        13.79933
        -0.00695        13.76474
        -0.00607        13.73421
        -0.00519        13.70840
        -0.00431        13.68791
        -0.00343        13.67328
        -0.00255        13.66501
        -0.00167        13.66353
        -0.00079        13.66927
         0.00009        13.68262
         0.00097        13.70392
         0.00185        13.73352
         0.00273        13.77176
         0.00361        13.81894
         0.00449        13.87539
         0.00537        13.94142
         0.00625        14.01735
         0.00713        14.10351
         0.00801        14.20022
         0.00889        14.30784
         0.00977        14.42673
         0.01065        14.55728
         0.01153        14.69989
         0.01241        14.85499
         0.01329        15.02302
         0.01417        15.20447
         0.01505        15.39984
         0.01593        15.60967
         0.01681        15.83453
         0.01769        16.07503
         0.01857        16.33179
         0.01945        16.60550
         0.02033        16.89687
         0.02121        17.20664
         0.02209        17.53559
         0.02297        17.88455
         0.02385        18.25436
         0.02473        18.64591
         0.02560        19.06009
         0.02648        19.49783
         0.02736        19.96004
         0.02824        20.44762
         0.02912        20.96142
         0.03000        21.50221
         0.03088        22.07063
         0.03176        22.66712
         0.03264        23.29186
         0.03352        23.94460
         0.03440        24.62460
         0.03528        25.33039
         0.03616        26.05961
         0.03704        26.80872
         0.03792        27.57276
         0.03880        28.34506
         0.03968        29.11692
         0.04056        29.87738
         0.04144        30.61306
         0.04232        31.30811
         0.04320        31.94445
         0.04408        32.50217
         0.04496        32.96035
         0.04584        33.29814
         0.04672        33.49616
         0.04760        33.53805
         0.04848        33.41205
         0.04936        33.11228
         0.05024        32.63972
         0.05112        32.00244
         0.05200        31.21512
         0.05288        30.29802
         0.05376        29.27525
         0.05464        28.17293
         0.05552        27.01733
         0.05640        25.83325
         0.05728        24.64281
         0.05816        23.46479
         0.05904        22.31426
         0.05992        21.20272
         0.06080        20.13836
         0.06168        19.12652
         0.06256        18.17017
         0.06344        17.27043
         0.06432        16.42698
         0.06520        15.63846
         0.06608        14.90281
         0.06696        14.21748
         0.06784        13.57966
         0.06872        12.98643
         0.06960        12.43481
         0.07048        11.92192
         0.07136        11.44494
         0.07224        11.00123
         0.07312        10.58827
         0.07400        10.20372
         0.07488         9.84541
         0.07576         9.51132
         0.07664         9.19961
         0.07752         8.90854
         0.07839         8.63657
         0.07927         8.38224
         0.08015         8.14424
         0.08103         7.92135
         0.08191         7.71246
         0.08279         7.51656
         0.08367         7.33272
         0.08455         7.16007
         0.08543         6.99783
         0.08631         6.84528
         0.08719         6.70175
         0.08807         6.56664
         0.08895         6.43938
         0.08983         6.31946
         0.09071         6.20639
         0.09159         6.09974
         0.09247         5.99909
         0.09335         5.90407
         0.09423         5.81432
         0.09511         5.72953
         0.09599         5.64939
         0.09687         5.57363
         0.09775         5.50197
         0.09863         5.43418
         0.09951         5.37004
         0.10039         5.30933
         0.10127         5.25186
         0.10215         5.19744
         0.10303         5.14591
         0.10391         5.09710
         0.10479         5.05086
         0.10567         5.00706
         0.10655         4.96555
         0.10743         4.92623
         0.10831         4.88896
         0.10919         4.85365
         0.11007         4.82019
         0.11095         4.78849
         0.11183         4.75845
         0.11271         4.72999
         0.11359         4.70303
         0.11447         4.67750
         0.11535         4.65332
         0.11623         4.63042
         0.11711         4.60874
         0.11799         4.58822
         0.11887         4.56881
         0.11975         4.55044
         0.12063         4.53307
         0.12151         4.51664
         0.12239         4.50112
         0.12327         4.48644
         0.12415         4.47258
         0.12503         4.45949
         0.12591         4.44712
         0.12679         4.43545
         0.12767         4.42443
         0.12855         4.41403
         0.12943         4.40421
         0.13030         4.39494
         0.13118         4.38619
         0.13206         4.37792
         0.13294         4.37011
         0.13382         4.36272
         0.13470         4.35572
         0.13558         4.34909
         0.13646         4.34279
         0.13734         4.33680
         0.13822         4.33109
         0.13910         4.32563
         0.13998         4.32040
         0.14086         4.31536
         0.14174         4.31050
         0.14262         4.30578
         0.14350         4.30119
         0.14438         4.29669
         0.14526         4.29226
         0.14614         4.28787
         0.14702         4.28352
         0.14790         4.27915
         0.14878         4.27477
         0.14966         4.27034
         0.15054         4.26584
         0.15142         4.26124
         0.15230         4.25654
         0.15318         4.25170
         0.15406         4.24671
         0.15494         4.24154
         0.15582         4.23618
         0.15670         4.23062
         0.15758         4.22482
         0.15846         4.21878
         0.15934         4.21248
         0.16022         4.20591
         0.16110         4.19905
         0.16198         4.19189
         0.16286         4.18442
         0.16374         4.17663
         0.16462         4.16850
         0.16550         4.16003
         0.16638         4.15121
         0.16726         4.14204
         0.16814         4.13251
         0.16902         4.12262
         0.16990         4.11236
         0.17078         4.10173
         0.17166         4.09074
         0.17254         4.07938
         0.17342         4.06765
         0.17430         4.05556
         0.17518         4.04312
         0.17606         4.03033
         0.17694         4.01719
         0.17782         4.00371
         0.17870         3.98991
         0.17958         3.97578
         0.18046         3.96135
         0.18134         3.94662
         0.18221         3.93161
         0.18309         3.91633
         0.18397         3.90079
         0.18485         3.88500
         0.18573         3.86899
         0.18661         3.85276
         0.18749         3.83634
         0.18837         3.81973
         0.18925         3.80296
         0.19013         3.78604
         0.19101         3.76900
         0.19189         3.75184
         0.19277         3.73458
         0.19365         3.71725
         0.19453         3.69986
         0.19541         3.68242
         0.19629         3.66496
         0.19717         3.64750
         0.19805         3.63004
         0.19893         3.61261
         0.19981         3.59523
         0.20069         3.57791
         0.20157         3.56066
         0.20245         3.54351
         0.20333         3.52646
         0.20421         3.50954
         0.20509         3.49276
         0.20597         3.47612
         0.20685         3.45966
         0.20773         3.44337
         0.20861         3.42728
         0.20949         3.41138
         0.21037         3.39571
         0.21125         3.38026
         0.21213         3.36504
         0.21301         3.35007
         0.21389         3.33536
         0.21477         3.32091
         0.21565         3.30674
         0.21653         3.29284
         0.21741         3.27923
         0.21829         3.26591
         0.21917         3.25289
         0.22005         3.24018
         0.22093         3.22778
         0.22181         3.21569
         0.22269         3.20391
         0.22357         3.19246
         0.22445         3.18133
         0.22533         3.17053
         0.22621         3.16005
         0.22709         3.14991
         0.22797         3.14009
         0.22885         3.13061
         0.22973         3.12146
         0.23061         3.11265
         0.23149         3.10417
         0.23237         3.09602
         0.23325         3.08821
         0.23412         3.08072
         0.23500         3.07357
         0.23588         3.06675
         0.23676         3.06026
         0.23764         3.05410
         0.23852         3.04826
         0.23940         3.04275
         0.24028         3.03756
         0.24116         3.03269
         0.24204         3.02813
         0.24292         3.02390
         0.24380         3.01997
         0.24468         3.01636
         0.24556         3.01306
         0.24644         3.01006
         0.24732         3.00736
         0.24820         3.00496
         0.24908         3.00285
         0.24996         3.00104
         0.25084         2.99952
         0.25172         2.99828
         0.25260         2.99732
         0.25348         2.99663
         0.25436         2.99622
         0.25524         2.99608
         0.25612         2.99619
         0.25700         2.99657
         0.25788         2.99720
         0.25876         2.99807
         0.25964         2.99919
         0.26052         3.00054
         0.26140         3.00212
         0.26228         3.00393
         0.26316         3.00595
         0.26404         3.00819
         0.26492         3.01063
         0.26580         3.01326
         0.26668         3.01609
         0.26756         3.01911
         0.26844         3.02230
         0.26932         3.02567
         0.27020         3.02920
         0.27108         3.03289
         0.27196         3.03673
         0.27284         3.04072
         0.27372         3.04484
         0.27460         3.04911
         0.27548         3.05350
         0.27636         3.05802
         0.27724         3.06265
         0.27812         3.06741
         0.27900         3.07228
         0.27988         3.07726
         0.28076         3.08235
         0.28164         3.08755
         0.28252         3.09287
         0.28340         3.09829
         0.28428         3.10383
         0.28516         3.10948
         0.28604         3.11526
         0.28691         3.12117
         0.28779         3.12722
         0.28867         3.13341
         0.28955         3.13977
         0.29043         3.14629
         0.29131         3.15299
         0.29219         3.15990
         0.29307         3.16702
         0.29395         3.17438
         0.29483         3.18201
         0.29571         3.18991
         0.29659         3.19812
         0.29747         3.20668
         0.29835         3.21560
         0.29923         3.22492
         0.30011         3.23468
         0.30099         3.24491
         0.30187         3.25566
         0.30275         3.26697
         0.30363         3.27889
         0.30451         3.29146
         0.30539         3.30474
         0.30627         3.31879
         0.30715         3.33367
         0.30803         3.34944
         0.30891         3.36618
         0.30979         3.38395
         0.31067         3.40285
         0.31155         3.42294
         0.31243         3.44434
         0.31331         3.46713
         0.31419         3.49143
         0.31507         3.51734
         0.31595         3.54499
         0.31683         3.57453
         0.31771         3.60608
         0.31859         3.63983
         0.31947         3.67592
         0.32035         3.71457
         0.32123         3.75597
         0.32211         3.80035
         0.32299         3.84797
         0.32387         3.89909
         0.32475         3.95402
         0.32563         4.01310
         0.32651         4.07670
         0.32739         4.14522
         0.32827         4.21913
         0.32915         4.29892
         0.33003         4.38517
         0.33091         4.47848
         0.33179         4.57956
         0.33267         4.68917
         0.33355         4.80814
         0.33443         4.93741
         0.33531         5.07799
         0.33619         5.23098
         0.33707         5.39756
         0.33795         5.57899
         0.33882         5.77655
         0.33970         5.99157
         0.34058         6.22530
         0.34146         6.47887
         0.34234         6.75316
         0.34322         7.04865
         0.34410         7.36519
         0.34498         7.70181
         0.34586         8.05635
         0.34674         8.42524
         0.34762         8.80315
         0.34850         9.18286
         0.34938         9.55521
         0.35026         9.90939
         0.35114        10.23351
         0.35202        10.51553
         0.35290        10.74444
         0.35378        10.91151
         0.35466        11.01136
         0.35554        11.04255
         0.35642        11.00766
         0.35730        10.91277
         0.35818        10.76649
         0.35906        10.57887
         0.35994        10.36029
         0.36082        10.12062
         0.36170         9.86860
         0.36258         9.61155
         0.36346         9.35528
         0.36434         9.10419
         0.36522         8.86141
         0.36610         8.62905
         0.36698         8.40839
         0.36786         8.20008
         0.36874         8.00430
         0.36962         7.82091
         0.37050         7.64954
         0.37138         7.48968
         0.37226         7.34073
         0.37314         7.20206
         0.37402         7.07303
         0.37490         6.95300
         0.37578         6.84136
         0.37666         6.73754
         0.37754         6.64100
         0.37842         6.55123
         0.37930         6.46777
         0.38018         6.39020
         0.38106         6.31812
         0.38194         6.25118
         0.38282         6.18907
         0.38370         6.13148
         0.38458         6.07815
         0.38546         6.02884
         0.38634         5.98333
         0.38722         5.94144
         0.38810         5.90297
         0.38898         5.86778
         0.38986         5.83572
         0.39073         5.80667
         0.39161         5.78051
         0.39249         5.75714
         0.39337         5.73647
         0.39425         5.71842
         0.39513         5.70292
         0.39601         5.68991
         0.39689         5.67935
         0.39777         5.67117
         0.39865         5.66535
         0.39953         5.66186
         0.40041         5.66066
         0.40129         5.66174
         0.40217         5.66508
         0.40305         5.67067
         0.40393         5.67850
         0.40481         5.68857
         0.40569         5.70088
         0.40657         5.71544
         0.40745         5.73224
         0.40833         5.75131
         0.40921         5.77266
         0.41009         5.79629
         0.41097         5.82223
         0.41185         5.85050
         0.41273         5.88111
         0.41361         5.91410
         0.41449         5.94948
         0.41537         5.98728
         0.41625         6.02753
         0.41713         6.07026
         0.41801         6.11550
         0.41889         6.16327
         0.41977         6.21361
         0.42065         6.26656
         0.42153         6.32214
         0.42241         6.38039
         0.42329         6.44135
         0.42417         6.50506
         0.42505         6.57156
         0.42593         6.64089
         0.42681         6.71310
         0.42769         6.78824
         0.42857         6.86637
         0.42945         6.94754
         0.43033         7.03181
         0.43121         7.11926
         0.43209         7.20996
         0.43297         7.30400
         0.43385         7.40145
         0.43473         7.50243
         0.43561         7.60701
         0.43649         7.71531
         0.43737         7.82743
         0.43825         7.94347
         0.43913         8.06352
         0.44001         8.18766
         0.44089         8.31595
         0.44177         8.44842
         0.44264         8.58507
         0.44352         8.72584
         0.44440         8.87063
         0.44528         9.01924
         0.44616         9.17139
         0.44704         9.32670
         0.44792         9.48469
         0.44880         9.64473
         0.44968         9.80607
         0.45056         9.96785
         0.45144        10.12904
         0.45232        10.28853
         0.45320        10.44507
         0.45408        10.59739
         0.45496        10.74412
         0.45584        10.88395
         0.45672        11.01558
         0.45760        11.13781
         0.45848        11.24958
         0.45936        11.35002
         0.46024        11.43845
         0.46112        11.51445
         0.46200        11.57783
         0.46288        11.62864
         0.46376        11.66714
         0.46464        11.69383
         0.46552        11.70934
         0.46640        11.71447
         0.46728        11.71008
         0.46816        11.69711
         0.46904        11.67651
         0.46992        11.64922
         0.47080        11.61616
         0.47168        11.57819
         0.47256        11.53611
         0.47344        11.49063
         0.47432        11.44241
         0.47520        11.39201
         0.47608        11.33995
         0.47696        11.28664
         0.47784        11.23246
         0.47872        11.17772
         0.47960        11.12269
         0.48048        11.06759
         0.48136        11.01261
         0.48224        10.95792
         0.48312        10.90365
         0.48400        10.84990
         0.48488        10.79679
         0.48576        10.74438
         0.48664        10.69276
         0.48752        10.64197
         0.48840        10.59208
         0.48928        10.54311
         0.49016        10.49512
         0.49104        10.44813
         0.49192        10.40216
         0.49280        10.35724
         0.49368        10.31339
         0.49456        10.27061
         0.49543        10.22891
         0.49631        10.18831
         0.49719        10.14881
         0.49807        10.11040
         0.49895        10.07309
         0.49983        10.03688
         0.50071        10.00177
         0.50159         9.96774
         0.50247         9.93480
         0.50335         9.90293
         0.50423         9.87214
         0.50511         9.84241
         0.50599         9.81374
         0.50687         9.78611
         0.50775         9.75953
         0.50863         9.73398
         0.50951         9.70945
         0.51039         9.68593
         0.51127         9.66343
         0.51215         9.64192
         0.51303         9.62139
         0.51391         9.60185
         0.51479         9.58327
         0.51567         9.56566
         0.51655         9.54900
         0.51743         9.53327
         0.51831         9.51848
         0.51919         9.50461
         0.52007         9.49164
         0.52095         9.47957
         0.52183         9.46839
         0.52271         9.45808
         0.52359         9.44863
         0.52447         9.44003
         0.52535         9.43226
         0.52623         9.42531
         0.52711         9.41916
         0.52799         9.41380
         0.52887         9.40921
         0.52975         9.40536
         0.53063         9.40225
         0.53151         9.39985
         0.53239         9.39814
         0.53327         9.39710
         0.53415         9.39670
         0.53503         9.39693
         0.53591         9.39775
         0.53679         9.39914
         0.53767         9.40108
         0.53855         9.40353
         0.53943         9.40647
         0.54031         9.40986
         0.54119         9.41368
         0.54207         9.41789
         0.54295         9.42247
         0.54383         9.42739
         0.54471         9.43260
         0.54559         9.43809
         0.54647         9.44382
         0.54734         9.44976
         0.54822         9.45587
         0.54910         9.46214
         0.54998         9.46852
         0.55086         9.47500
         0.55174         9.48154
         0.55262         9.48811
         0.55350         9.49470
         0.55438         9.50128
         0.55526         9.50781
         0.55614         9.51429
         0.55702         9.52067
         0.55790         9.52695
         0.55878         9.53309
         0.55966         9.53907
         0.56054         9.54487
         0.56142         9.55046
         0.56230         9.55582
         0.56318         9.56093
         0.56406         9.56575
         0.56494         9.57026
         0.56582         9.57442
         0.56670         9.57822
         0.56758         9.58162
         0.56846         9.58458
         0.56934         9.58708
         0.57022         9.58909
         0.57110         9.59056
         0.57198         9.59147
         0.57286         9.59179
         0.57374         9.59147
         0.57462         9.59049
         0.57550         9.58882
         0.57638         9.58642
         0.57726         9.58327
         0.57814         9.57933
         0.57902         9.57458
         0.57990         9.56900
         0.58078         9.56257
         0.58166         9.55525
         0.58254         9.54705
         0.58342         9.53795
         0.58430         9.52793
         0.58518         9.51699
         0.58606         9.50512
         0.58694         9.49233
         0.58782         9.47861
         0.58870         9.46398
         0.58958         9.44845
         0.59046         9.43202
         0.59134         9.41471
         0.59222         9.39655
         0.59310         9.37755
         0.59398         9.35774
         0.59486         9.33716
         0.59574         9.31582
         0.59662         9.29377
         0.59750         9.27105
         0.59838         9.24768
         0.59925         9.22372
         0.60013         9.19919
         0.60101         9.17416
         0.60189         9.14865
         0.60277         9.12273
         0.60365         9.09644
         0.60453         9.06982
         0.60541         9.04293
         0.60629         9.01582
         0.60717         8.98854
         0.60805         8.96114
         0.60893         8.93367
         0.60981         8.90619
         0.61069         8.87875
         0.61157         8.85140
         0.61245         8.82420
         0.61333         8.79720
         0.61421         8.77044
         0.61509         8.74398
         0.61597         8.71788
         0.61685         8.69218
         0.61773         8.66693
         0.61861         8.64219
         0.61949         8.61800
         0.62037         8.59441
         0.62125         8.57146
         0.62213         8.54921
         0.62301         8.52770
         0.62389         8.50697
         0.62477         8.48708
         0.62565         8.46805
         0.62653         8.44993
         0.62741         8.43277
         0.62829         8.41660
         0.62917         8.40147
         0.63005         8.38740
         0.63093         8.37444
         0.63181         8.36262
         0.63269         8.35197
         0.63357         8.34253
         0.63445         8.33433
         0.63533         8.32739
         0.63621         8.32175
         0.63709         8.31744
         0.63797         8.31447
         0.63885         8.31288
         0.63973         8.31268
         0.64061         8.31389
         0.64149         8.31655
         0.64237         8.32065
         0.64325         8.32622
         0.64413         8.33327
         0.64501         8.34181
         0.64589         8.35186
         0.64677         8.36341
         0.64765         8.37647
         0.64853         8.39104
         0.64941         8.40712
         0.65029         8.42471
         0.65116         8.44381
         0.65204         8.46439
         0.65292         8.48645
         0.65380         8.50997
         0.65468         8.53494
         0.65556         8.56132
         0.65644         8.58909
         0.65732         8.61823
         0.65820         8.64869
         0.65908         8.68043
         0.65996         8.71341
         0.66084         8.74758
         0.66172         8.78289
         0.66260         8.81928
         0.66348         8.85669
         0.66436         8.89504
         0.66524         8.93426
         0.66612         8.97428
         0.66700         9.01501
         0.66788         9.05635
         0.66876         9.09822
         0.66964         9.14052
         0.67052         9.18313
         0.67140         9.22595
         0.67228         9.26886
         0.67316         9.31174
         0.67404         9.35447
         0.67492         9.39692
         0.67580         9.43896
         0.67668         9.48045
         0.67756         9.52125
         0.67844         9.56124
         0.67932         9.60026
         0.68020         9.63818
         0.68108         9.67487
         0.68196         9.71018
         0.68284         9.74399
         0.68372         9.77616
         0.68460         9.80657
         0.68548         9.83510
         0.68636         9.86164
         0.68724         9.88610
         0.68812         9.90837
         0.68900         9.92837
         0.68988         9.94605
         0.69076         9.96133
         0.69164         9.97418
         0.69252         9.98457
         0.69340         9.99250
         0.69428         9.99796
         0.69516        10.00097
         0.69604        10.00158
         0.69692         9.99984
         0.69780         9.99582
         0.69868         9.98962
         0.69956         9.98135
         0.70044         9.97114
         0.70132         9.95912
         0.70220         9.94547
         0.70308         9.93035
         0.70395         9.91395
         0.70483         9.89650
         0.70571         9.87819
         0.70659         9.85928
         0.70747         9.84000
         0.70835         9.82062
         0.70923         9.80139
         0.71011         9.78260
         0.71099         9.76454
         0.71187         9.74750
         0.71275         9.73179
         0.71363         9.71772
         0.71451         9.70562
         0.71539         9.69581
         0.71627         9.68862
         0.71715         9.68441
         0.71803         9.68352
         0.71891         9.68632
         0.71979         9.69316
         0.72067         9.70441
         0.72155         9.72046
         0.72243         9.74169
         0.72331         9.76847
         0.72419         9.80121
         0.72507         9.84027
         0.72595         9.88604
         0.72683         9.93888
         0.72771         9.99916
         0.72859        10.06720
         0.72947        10.14329
         0.73035        10.22769
         0.73123        10.32060
         0.73211        10.42213
         0.73299        10.53235
         0.73387        10.65121
         0.73475        10.77854
         0.73563        10.91411
         0.73651        11.05755
         0.73739        11.20840
         0.73827        11.36612
         0.73915        11.53014
         0.74003        11.69990
         0.74091        11.87492
         0.74179        12.05482
         0.74267        12.23948
         0.74355        12.42903
         0.74443        12.62395
         0.74531        12.82511
         0.74619        13.03376
         0.74707        13.25159
         0.74795        13.48060
         0.74883        13.72316
         0.74971        13.98188
         0.75059        14.25952
         0.75147        14.55898
         0.75235        14.88315
         0.75323        15.23482
         0.75411        15.61662
         0.75499        16.03086
         0.75586        16.47942
         0.75674        16.96357
         0.75762        17.48377
         0.75850        18.03942
         0.75938        18.62859
         0.76026        19.24765
         0.76114        19.89099
         0.76202        20.55061
         0.76290        21.21591
         0.76378        21.87355
         0.76466        22.50753
         0.76554        23.09957
         0.76642        23.62993
         0.76730        24.07855
         0.76818        24.42651
         0.76906        24.65771
         0.76994        24.76043
         0.77082        24.72852
         0.77170        24.56205
         0.77258        24.26715
         0.77346        23.85520
         0.77434        23.34151
         0.77522        22.74369
         0.77610        22.08012
         0.77698        21.36876
         0.77786        20.62630
         0.77874        19.86782
         0.77962        19.10666
         0.78050        18.35458
         0.78138        17.62177
         0.78226        16.91691
         0.78314        16.24708
         0.78402        15.61766
         0.78490        15.03237
         0.78578        14.49331
         0.78666        14.00119
         0.78754        13.55557
         0.78842        13.15516
         0.78930        12.79812
         0.79018        12.48226
         0.79106        12.20524
         0.79194        11.96469
         0.79282        11.75833
         0.79370        11.58395
         0.79458        11.43945
         0.79546        11.32284
         0.79634        11.23212
         0.79722        11.16525
         0.79810        11.12004
         0.79898        11.09399
         0.79986        11.08411
         0.80074        11.08675
         0.80162        11.09738
         0.80250        11.11034
         0.80338        11.11874
         0.80426        11.11450
         0.80514        11.08854
         0.80602        11.03147
         0.80690        10.93456
         0.80777        10.79104
         0.80865        10.59735
         0.80953        10.35401
         0.81041        10.06571
         0.81129         9.74052
         0.81217         9.38859
         0.81305         9.02067
         0.81393         8.64699
         0.81481         8.27661
         0.81569         7.91716
         0.81657         7.57484
         0.81745         7.25439
         0.81833         6.95921
         0.81921         6.69131
         0.82009         6.45148
         0.82097         6.23940
         0.82185         6.05389
         0.82273         5.89319
         0.82361         5.75515
         0.82449         5.63748
         0.82537         5.53789
         0.82625         5.45420
         0.82713         5.38443
         0.82801         5.32680
         0.82889         5.27976
         0.82977         5.24200
         0.83065         5.21240
         0.83153         5.19004
         0.83241         5.17414
         0.83329         5.16411
         0.83417         5.15943
         0.83505         5.15971
         0.83593         5.16466
         0.83681         5.17404
         0.83769         5.18766
         0.83857         5.20541
         0.83945         5.22720
         0.84033         5.25296
         0.84121         5.28266
         0.84209         5.31631
         0.84297         5.35389
         0.84385         5.39542
         0.84473         5.44095
         0.84561         5.49051
         0.84649         5.54414
         0.84737         5.60189
         0.84825         5.66383
         0.84913         5.73001
         0.85001         5.80050
         0.85089         5.87536
         0.85177         5.95466
         0.85265         6.03847
         0.85353         6.12685
         0.85441         6.21987
         0.85529         6.31760
         0.85617         6.42010
         0.85705         6.52743
         0.85793         6.63964
         0.85881         6.75678
         0.85969         6.87891
         0.86056         7.00603
         0.86144         7.13819
         0.86232         7.27539
         0.86320         7.41762
         0.86408         7.56486
         0.86496         7.71705
         0.86584         7.87413
         0.86672         8.03598
         0.86760         8.20247
         0.86848         8.37341
         0.86936         8.54858
         0.87024         8.72770
         0.87112         8.91043
         0.87200         9.09637
         0.87288         9.28507
         0.87376         9.47602
         0.87464         9.66865
         0.87552         9.86236
         0.87640        10.05652
         0.87728        10.25049
         0.87816        10.44366
         0.87904        10.63547
         0.87992        10.82544
         0.88080        11.01321
         0.88168        11.19856
         0.88256        11.38143
         0.88344        11.56191
         0.88432        11.74028
         0.88520        11.91692
         0.88608        12.09237
         0.88696        12.26722
         0.88784        12.44210
         0.88872        12.61763
         0.88960        12.79437
         0.89048        12.97276
         0.89136        13.15309
         0.89224        13.33546
         0.89312        13.51973
         0.89400        13.70548
         0.89488        13.89200
         0.89576        14.07827
         0.89664        14.26289
         0.89752        14.44411
         0.89840        14.61980
         0.89928        14.78746
         0.90016        14.94423
         0.90104        15.08693
         0.90192        15.21211
         0.90280        15.31615
         0.90368        15.39533
         0.90456        15.44596
         0.90544        15.46457
         0.90632        15.44802
         0.90720        15.39369
         0.90808        15.29965
         0.90896        15.16472
         0.90984        14.98866
         0.91072        14.77213
         0.91160        14.51669
         0.91247        14.22479
         0.91335        13.89960
         0.91423        13.54487
         0.91511        13.16480
         0.91599        12.76383
         0.91687        12.34653
         0.91775        11.91744
         0.91863        11.48099
         0.91951        11.04145
         0.92039        10.60285
         0.92127        10.16901
         0.92215         9.74350
         0.92303         9.32962
         0.92391         8.93037
         0.92479         8.54841
         0.92567         8.18601
         0.92655         7.84496
         0.92743         7.52653
         0.92831         7.23148
         0.92919         6.96005
         0.93007         6.71199
         0.93095         6.48663
         0.93183         6.28299
         0.93271         6.09981
         0.93359         5.93562
         0.93447         5.78883
         0.93535         5.65775
         0.93623         5.54058
         0.93711         5.43544
         0.93799         5.34033
         0.93887         5.25317
         0.93975         5.17174
         0.94063         5.09369
         0.94151         5.01655
         0.94239         4.93782
         0.94327         4.85494
         0.94415         4.76548
         0.94503         4.66719
         0.94591         4.55817
         0.94679         4.43695
         0.94767         4.30259
         0.94855         4.15467
         0.94943         3.99332
         0.95031         3.81909
         0.95119         3.63292
         0.95207         3.43606
         0.95295         3.23005
         0.95383         3.01713
         0.95471         2.79979
         0.95559         2.58048
         0.95647         2.36315
         0.95735         2.15132
         0.95823         1.94335
         0.95911         1.73756
         0.95999         1.54569
         0.96087         1.24207
         0.96175         1.18894
         0.96263         1.24525
         0.96351         1.07190
         0.96438         0.87490
         0.96526         0.40851
         0.96614         0.38451
         0.96702         0.35439
         0.96790         0.30087
         0.96878         0.00089
         0.96966         0.00071
         0.97054         0.00058
         0.97142         0.00047
         0.97230         0.00039
         0.97318         0.00032
         0.97406         0.00026
         0.97494         0.00022
         0.97582         0.00018
         0.97670         0.00015
         0.97758         0.00012
         0.97846         0.00010
         0.97934         0.00009
         0.98022         0.00007
         0.98110         0.00006
         0.98198         0.00005
         0.98286         0.00004
         0.98374         0.00003
         0.98462         0.00003
         0.98550         0.00002
         0.98638         0.00002
         0.98726         0.00002
         0.98814         0.00001
         0.98902         0.00001
         0.98990         0.00001
         0.99078         0.00000
         0.99166         0.00000
         0.99254         0.00000
         0.99342         0.00000
         0.99430         0.00000
         0.99518         0.00000
         0.99606         0.00000
         0.99694         0.00000
         0.99782         0.00000
         0.99870         0.00000
         0.99958         0.00000
         1.00046         0.00000
         1.00134         0.00000
         1.00222         0.00000
         1.00310         0.00000
         1.00398         0.00000
         1.00486         0.00000
         1.00574         0.00000
         1.00662         0.00000
         1.00750         0.00000
