        -1.00000         1.40471
        -0.99940         1.40571
        -0.99880         1.40670
        -0.99820         1.40770
        -0.99760         1.40871
        -0.99700         1.40971
        -0.99640         1.41072
        -0.99580         1.41173
        -0.99520         1.41274
        -0.99460         1.41375
        -0.99400         1.41477
        -0.99340         1.41579
        -0.99280         1.41681
        -0.99220         1.41783
        -0.99160         1.41886
        -0.99100         1.41989
        -0.99040         1.42092
        -0.98980         1.42195
        -0.98920         1.42298
        -0.98860         1.42402
        -0.98800         1.42506
        -0.98740         1.42611
        -0.98680         1.42715
        -0.98620         1.42820
        -0.98560         1.42925
        -0.98500         1.43030
        -0.98440         1.43136
        -0.98380         1.43241
        -0.98320         1.43347
        -0.98260         1.43454
        -0.98200         1.43560
        -0.98140         1.43667
        -0.98080         1.43774
        -0.98020         1.43881
        -0.97960         1.43989
        -0.97899         1.44097
        -0.97839         1.44205
        -0.97779         1.44313
        -0.97719         1.44421
        -0.97659         1.44530
        -0.97599         1.44639
        -0.97539         1.44749
        -0.97479         1.44858
        -0.97419         1.44968
        -0.97359         1.45078
        -0.97299         1.45189
        -0.97239         1.45299
        -0.97179         1.45410
        -0.97119         1.45521
        -0.97059         1.45633
        -0.96999         1.45745
        -0.96939         1.45857
        -0.96879         1.45969
        -0.96819         1.46082
        -0.96759         1.46194
        -0.96699         1.46307
        -0.96639         1.46421
        -0.96579         1.46534
        -0.96519         1.46648
        -0.96459         1.46763
        -0.96399         1.46877
        -0.96339         1.46992
        -0.96279         1.47107
        -0.96219         1.47222
        -0.96159         1.47338
        -0.96099         1.47454
        -0.96039         1.47570
        -0.95979         1.47686
        -0.95919         1.47803
        -0.95859         1.47920
        -0.95799         1.48037
        -0.95739         1.48155
        -0.95679         1.48273
        -0.95619         1.48391
        -0.95559         1.48510
        -0.95499         1.48628
        -0.95439         1.48747
        -0.95379         1.48867
        -0.95319         1.48986
        -0.95259         1.49106
        -0.95199         1.49227
        -0.95139         1.49347
        -0.95079         1.49468
        -0.95019         1.49589
        -0.94959         1.49711
        -0.94899         1.49832
        -0.94839         1.49954
        -0.94779         1.50077
        -0.94719         1.50199
        -0.94659         1.50322
        -0.94599         1.50446
        -0.94539         1.50569
        -0.94479         1.50693
        -0.94419         1.50817
        -0.94359         1.50942
        -0.94299         1.51067
        -0.94239         1.51192
        -0.94179         1.51317
        -0.94119         1.51443
        -0.94059         1.51569
        -0.93999         1.51696
        -0.93939         1.51822
        -0.93879         1.51949
        -0.93819         1.52077
        -0.93758         1.52204
        -0.93698         1.52332
        -0.93638         1.52461
        -0.93578         1.52589
        -0.93518         1.52718
        -0.93458         1.52848
        -0.93398         1.52977
        -0.93338         1.53107
        -0.93278         1.53238
        -0.93218         1.53368
        -0.93158         1.53499
        -0.93098         1.53631
        -0.93038         1.53762
        -0.92978         1.53894
        -0.92918         1.54027
        -0.92858         1.54159
        -0.92798         1.54292
        -0.92738         1.54425
        -0.92678         1.54559
        -0.92618         1.54693
        -0.92558         1.54828
        -0.92498         1.54962
        -0.92438         1.55097
        -0.92378         1.55233
        -0.92318         1.55368
        -0.92258         1.55505
        -0.92198         1.55641
        -0.92138         1.55778
        -0.92078         1.55915
        -0.92018         1.56052
        -0.91958         1.56190
        -0.91898         1.56328
        -0.91838         1.56467
        -0.91778         1.56606
        -0.91718         1.56745
        -0.91658         1.56885
        -0.91598         1.57025
        -0.91538         1.57165
        -0.91478         1.57306
        -0.91418         1.57447
        -0.91358         1.57589
        -0.91298         1.57730
        -0.91238         1.57873
        -0.91178         1.58015
        -0.91118         1.58158
        -0.91058         1.58301
        -0.90998         1.58445
        -0.90938         1.58589
        -0.90878         1.58734
        -0.90818         1.58878
        -0.90758         1.59024
        -0.90698         1.59169
        -0.90638         1.59315
        -0.90578         1.59462
        -0.90518         1.59608
        -0.90458         1.59755
        -0.90398         1.59903
        -0.90338         1.60051
        -0.90278         1.60199
        -0.90218         1.60348
        -0.90158         1.60497
        -0.90098         1.60646
        -0.90038         1.60796
        -0.89978         1.60946
        -0.89918         1.61097
        -0.89858         1.61248
        -0.89798         1.61399
        -0.89738         1.61551
        -0.89677         1.61703
        -0.89617         1.61856
        -0.89557         1.62009
        -0.89497         1.62163
        -0.89437         1.62316
        -0.89377         1.62471
        -0.89317         1.62625
        -0.89257         1.62780
        -0.89197         1.62936
        -0.89137         1.63092
        -0.89077         1.63248
        -0.89017         1.63405
        -0.88957         1.63562
        -0.88897         1.63719
        -0.88837         1.63877
        -0.88777         1.64036
        -0.88717         1.64195
        -0.88657         1.64354
        -0.88597         1.64514
        -0.88537         1.64674
        -0.88477         1.64834
        -0.88417         1.64995
        -0.88357         1.65156
        -0.88297         1.65318
        -0.88237         1.65481
        -0.88177         1.65643
        -0.88117         1.65806
        -0.88057         1.65970
        -0.87997         1.66134
        -0.87937         1.66298
        -0.87877         1.66463
        -0.87817         1.66628
        -0.87757         1.66794
        -0.87697         1.66960
        -0.87637         1.67127
        -0.87577         1.67294
        -0.87517         1.67462
        -0.87457         1.67630
        -0.87397         1.67798
        -0.87337         1.67967
        -0.87277         1.68136
        -0.87217         1.68306
        -0.87157         1.68476
        -0.87097         1.68647
        -0.87037         1.68818
        -0.86977         1.68990
        -0.86917         1.69162
        -0.86857         1.69335
        -0.86797         1.69508
        -0.86737         1.69681
        -0.86677         1.69855
        -0.86617         1.70030
        -0.86557         1.70205
        -0.86497         1.70380
        -0.86437         1.70556
        -0.86377         1.70732
        -0.86317         1.70909
        -0.86257         1.71086
        -0.86197         1.71264
        -0.86137         1.71443
        -0.86077         1.71621
        -0.86017         1.71801
        -0.85957         1.71980
        -0.85897         1.72161
        -0.85837         1.72341
        -0.85777         1.72522
        -0.85717         1.72704
        -0.85657         1.72886
        -0.85597         1.73069
        -0.85536         1.73252
        -0.85476         1.73436
        -0.85416         1.73620
        -0.85356         1.73805
        -0.85296         1.73990
        -0.85236         1.74176
        -0.85176         1.74362
        -0.85116         1.74549
        -0.85056         1.74736
        -0.84996         1.74924
        -0.84936         1.75112
        -0.84876         1.75301
        -0.84816         1.75490
        -0.84756         1.75680
        -0.84696         1.75870
        -0.84636         1.76061
        -0.84576         1.76252
        -0.84516         1.76444
        -0.84456         1.76637
        -0.84396         1.76830
        -0.84336         1.77023
        -0.84276         1.77217
        -0.84216         1.77412
        -0.84156         1.77607
        -0.84096         1.77802
        -0.84036         1.77998
        -0.83976         1.78195
        -0.83916         1.78392
        -0.83856         1.78590
        -0.83796         1.78788
        -0.83736         1.78987
        -0.83676         1.79187
        -0.83616         1.79387
        -0.83556         1.79587
        -0.83496         1.79788
        -0.83436         1.79990
        -0.83376         1.80192
        -0.83316         1.80395
        -0.83256         1.80598
        -0.83196         1.80802
        -0.83136         1.81006
        -0.83076         1.81211
        -0.83016         1.81417
        -0.82956         1.81623
        -0.82896         1.81830
        -0.82836         1.82037
        -0.82776         1.82245
        -0.82716         1.82453
        -0.82656         1.82662
        -0.82596         1.82872
        -0.82536         1.83082
        -0.82476         1.83293
        -0.82416         1.83504
        -0.82356         1.83716
        -0.82296         1.83928
        -0.82236         1.84141
        -0.82176         1.84355
        -0.82116         1.84569
        -0.82056         1.84784
        -0.81996         1.85000
        -0.81936         1.85216
        -0.81876         1.85432
        -0.81816         1.85649
        -0.81756         1.85867
        -0.81696         1.86086
        -0.81636         1.86305
        -0.81576         1.86524
        -0.81516         1.86745
        -0.81456         1.86965
        -0.81395         1.87187
        -0.81335         1.87409
        -0.81275         1.87632
        -0.81215         1.87855
        -0.81155         1.88079
        -0.81095         1.88304
        -0.81035         1.88529
        -0.80975         1.88755
        -0.80915         1.88981
        -0.80855         1.89208
        -0.80795         1.89436
        -0.80735         1.89664
        -0.80675         1.89893
        -0.80615         1.90123
        -0.80555         1.90353
        -0.80495         1.90584
        -0.80435         1.90815
        -0.80375         1.91048
        -0.80315         1.91280
        -0.80255         1.91514
        -0.80195         1.91748
        -0.80135         1.91983
        -0.80075         1.92218
        -0.80015         1.92454
        -0.79955         1.92691
        -0.79895         1.92928
        -0.79835         1.93166
        -0.79775         1.93405
        -0.79715         1.93645
        -0.79655         1.93885
        -0.79595         1.94125
        -0.79535         1.94367
        -0.79475         1.94609
        -0.79415         1.94851
        -0.79355         1.95095
        -0.79295         1.95339
        -0.79235         1.95584
        -0.79175         1.95829
        -0.79115         1.96075
        -0.79055         1.96322
        -0.78995         1.96569
        -0.78935         1.96818
        -0.78875         1.97066
        -0.78815         1.97316
        -0.78755         1.97566
        -0.78695         1.97817
        -0.78635         1.98069
        -0.78575         1.98321
        -0.78515         1.98574
        -0.78455         1.98828
        -0.78395         1.99082
        -0.78335         1.99337
        -0.78275         1.99593
        -0.78215         1.99850
        -0.78155         2.00107
        -0.78095         2.00365
        -0.78035         2.00624
        -0.77975         2.00883
        -0.77915         2.01143
        -0.77855         2.01404
        -0.77795         2.01666
        -0.77735         2.01928
        -0.77675         2.02191
        -0.77615         2.02455
        -0.77555         2.02720
        -0.77495         2.02985
        -0.77435         2.03251
        -0.77375         2.03517
        -0.77315         2.03785
        -0.77254         2.04053
        -0.77194         2.04322
        -0.77134         2.04592
        -0.77074         2.04862
        -0.77014         2.05133
        -0.76954         2.05405
        -0.76894         2.05678
        -0.76834         2.05951
        -0.76774         2.06225
        -0.76714         2.06500
        -0.76654         2.06776
        -0.76594         2.07053
        -0.76534         2.07330
        -0.76474         2.07608
        -0.76414         2.07886
        -0.76354         2.08166
        -0.76294         2.08446
        -0.76234         2.08727
        -0.76174         2.09009
        -0.76114         2.09292
        -0.76054         2.09575
        -0.75994         2.09859
        -0.75934         2.10144
        -0.75874         2.10430
        -0.75814         2.10717
        -0.75754         2.11004
        -0.75694         2.11292
        -0.75634         2.11581
        -0.75574         2.11870
        -0.75514         2.12161
        -0.75454         2.12452
        -0.75394         2.12744
        -0.75334         2.13037
        -0.75274         2.13331
        -0.75214         2.13625
        -0.75154         2.13921
        -0.75094         2.14217
        -0.75034         2.14513
        -0.74974         2.14811
        -0.74914         2.15110
        -0.74854         2.15409
        -0.74794         2.15709
        -0.74734         2.16010
        -0.74674         2.16312
        -0.74614         2.16614
        -0.74554         2.16918
        -0.74494         2.17222
        -0.74434         2.17527
        -0.74374         2.17833
        -0.74314         2.18140
        -0.74254         2.18447
        -0.74194         2.18756
        -0.74134         2.19065
        -0.74074         2.19375
        -0.74014         2.19686
        -0.73954         2.19998
        -0.73894         2.20310
        -0.73834         2.20624
        -0.73774         2.20938
        -0.73714         2.21253
        -0.73654         2.21569
        -0.73594         2.21886
        -0.73534         2.22204
        -0.73474         2.22522
        -0.73414         2.22842
        -0.73354         2.23162
        -0.73294         2.23483
        -0.73234         2.23805
        -0.73173         2.24128
        -0.73113         2.24451
        -0.73053         2.24776
        -0.72993         2.25101
        -0.72933         2.25428
        -0.72873         2.25755
        -0.72813         2.26083
        -0.72753         2.26412
        -0.72693         2.26742
        -0.72633         2.27072
        -0.72573         2.27404
        -0.72513         2.27736
        -0.72453         2.28069
        -0.72393         2.28404
        -0.72333         2.28739
        -0.72273         2.29075
        -0.72213         2.29411
        -0.72153         2.29749
        -0.72093         2.30088
        -0.72033         2.30427
        -0.71973         2.30768
        -0.71913         2.31109
        -0.71853         2.31451
        -0.71793         2.31794
        -0.71733         2.32138
        -0.71673         2.32483
        -0.71613         2.32829
        -0.71553         2.33175
        -0.71493         2.33523
        -0.71433         2.33871
        -0.71373         2.34221
        -0.71313         2.34571
        -0.71253         2.34922
        -0.71193         2.35274
        -0.71133         2.35627
        -0.71073         2.35981
        -0.71013         2.36336
        -0.70953         2.36692
        -0.70893         2.37049
        -0.70833         2.37406
        -0.70773         2.37765
        -0.70713         2.38124
        -0.70653         2.38484
        -0.70593         2.38846
        -0.70533         2.39208
        -0.70473         2.39571
        -0.70413         2.39935
        -0.70353         2.40300
        -0.70293         2.40666
        -0.70233         2.41033
        -0.70173         2.41400
        -0.70113         2.41769
        -0.70053         2.42139
        -0.69993         2.42509
        -0.69933         2.42881
        -0.69873         2.43253
        -0.69813         2.43626
        -0.69753         2.44001
        -0.69693         2.44376
        -0.69633         2.44752
        -0.69573         2.45129
        -0.69513         2.45507
        -0.69453         2.45886
        -0.69393         2.46266
        -0.69333         2.46647
        -0.69273         2.47029
        -0.69213         2.47411
        -0.69153         2.47795
        -0.69093         2.48180
        -0.69032         2.48565
        -0.68972         2.48952
        -0.68912         2.49339
        -0.68852         2.49727
        -0.68792         2.50117
        -0.68732         2.50507
        -0.68672         2.50898
        -0.68612         2.51290
        -0.68552         2.51683
        -0.68492         2.52077
        -0.68432         2.52472
        -0.68372         2.52868
        -0.68312         2.53265
        -0.68252         2.53663
        -0.68192         2.54062
        -0.68132         2.54462
        -0.68072         2.54862
        -0.68012         2.55264
        -0.67952         2.55667
        -0.67892         2.56070
        -0.67832         2.56475
        -0.67772         2.56880
        -0.67712         2.57286
        -0.67652         2.57694
        -0.67592         2.58102
        -0.67532         2.58511
        -0.67472         2.58921
        -0.67412         2.59333
        -0.67352         2.59745
        -0.67292         2.60158
        -0.67232         2.60572
        -0.67172         2.60987
        -0.67112         2.61402
        -0.67052         2.61819
        -0.66992         2.62237
        -0.66932         2.62656
        -0.66872         2.63075
        -0.66812         2.63496
        -0.66752         2.63918
        -0.66692         2.64340
        -0.66632         2.64764
        -0.66572         2.65188
        -0.66512         2.65613
        -0.66452         2.66040
        -0.66392         2.66467
        -0.66332         2.66895
        -0.66272         2.67324
        -0.66212         2.67754
        -0.66152         2.68185
        -0.66092         2.68617
        -0.66032         2.69050
        -0.65972         2.69484
        -0.65912         2.69919
        -0.65852         2.70354
        -0.65792         2.70791
        -0.65732         2.71229
        -0.65672         2.71667
        -0.65612         2.72106
        -0.65552         2.72547
        -0.65492         2.72988
        -0.65432         2.73430
        -0.65372         2.73873
        -0.65312         2.74318
        -0.65252         2.74763
        -0.65192         2.75208
        -0.65132         2.75655
        -0.65072         2.76103
        -0.65012         2.76552
        -0.64952         2.77001
        -0.64891         2.77452
        -0.64831         2.77903
        -0.64771         2.78356
        -0.64711         2.78809
        -0.64651         2.79263
        -0.64591         2.79718
        -0.64531         2.80174
        -0.64471         2.80631
        -0.64411         2.81089
        -0.64351         2.81547
        -0.64291         2.82007
        -0.64231         2.82467
        -0.64171         2.82929
        -0.64111         2.83391
        -0.64051         2.83854
        -0.63991         2.84318
        -0.63931         2.84783
        -0.63871         2.85249
        -0.63811         2.85716
        -0.63751         2.86183
        -0.63691         2.86652
        -0.63631         2.87121
        -0.63571         2.87591
        -0.63511         2.88062
        -0.63451         2.88534
        -0.63391         2.89007
        -0.63331         2.89481
        -0.63271         2.89955
        -0.63211         2.90431
        -0.63151         2.90907
        -0.63091         2.91384
        -0.63031         2.91862
        -0.62971         2.92341
        -0.62911         2.92820
        -0.62851         2.93301
        -0.62791         2.93782
        -0.62731         2.94264
        -0.62671         2.94747
        -0.62611         2.95231
        -0.62551         2.95716
        -0.62491         2.96201
        -0.62431         2.96687
        -0.62371         2.97174
        -0.62311         2.97662
        -0.62251         2.98151
        -0.62191         2.98640
        -0.62131         2.99131
        -0.62071         2.99622
        -0.62011         3.00114
        -0.61951         3.00606
        -0.61891         3.01100
        -0.61831         3.01594
        -0.61771         3.02089
        -0.61711         3.02585
        -0.61651         3.03081
        -0.61591         3.03579
        -0.61531         3.04077
        -0.61471         3.04576
        -0.61411         3.05075
        -0.61351         3.05576
        -0.61291         3.06077
        -0.61231         3.06579
        -0.61171         3.07081
        -0.61111         3.07584
        -0.61051         3.08088
        -0.60991         3.08593
        -0.60931         3.09099
        -0.60871         3.09605
        -0.60811         3.10112
        -0.60750         3.10620
        -0.60690         3.11128
        -0.60630         3.11637
        -0.60570         3.12147
        -0.60510         3.12657
        -0.60450         3.13168
        -0.60390         3.13680
        -0.60330         3.14192
        -0.60270         3.14706
        -0.60210         3.15219
        -0.60150         3.15734
        -0.60090         3.16249
        -0.60030         3.16765
        -0.59970         3.17281
        -0.59910         3.17798
        -0.59850         3.18316
        -0.59790         3.18834
        -0.59730         3.19353
        -0.59670         3.19873
        -0.59610         3.20393
        -0.59550         3.20914
        -0.59490         3.21435
        -0.59430         3.21957
        -0.59370         3.22480
        -0.59310         3.23003
        -0.59250         3.23527
        -0.59190         3.24051
        -0.59130         3.24576
        -0.59070         3.25102
        -0.59010         3.25628
        -0.58950         3.26154
        -0.58890         3.26682
        -0.58830         3.27209
        -0.58770         3.27737
        -0.58710         3.28266
        -0.58650         3.28796
        -0.58590         3.29325
        -0.58530         3.29856
        -0.58470         3.30387
        -0.58410         3.30918
        -0.58350         3.31450
        -0.58290         3.31982
        -0.58230         3.32515
        -0.58170         3.33048
        -0.58110         3.33582
        -0.58050         3.34116
        -0.57990         3.34651
        -0.57930         3.35186
        -0.57870         3.35722
        -0.57810         3.36258
        -0.57750         3.36795
        -0.57690         3.37332
        -0.57630         3.37869
        -0.57570         3.38407
        -0.57510         3.38945
        -0.57450         3.39484
        -0.57390         3.40023
        -0.57330         3.40562
        -0.57270         3.41102
        -0.57210         3.41642
        -0.57150         3.42183
        -0.57090         3.42724
        -0.57030         3.43265
        -0.56970         3.43807
        -0.56910         3.44349
        -0.56850         3.44891
        -0.56790         3.45434
        -0.56730         3.45977
        -0.56669         3.46520
        -0.56609         3.47064
        -0.56549         3.47608
        -0.56489         3.48152
        -0.56429         3.48697
        -0.56369         3.49242
        -0.56309         3.49787
        -0.56249         3.50332
        -0.56189         3.50878
        -0.56129         3.51424
        -0.56069         3.51970
        -0.56009         3.52517
        -0.55949         3.53064
        -0.55889         3.53611
        -0.55829         3.54158
        -0.55769         3.54705
        -0.55709         3.55253
        -0.55649         3.55801
        -0.55589         3.56349
        -0.55529         3.56897
        -0.55469         3.57446
        -0.55409         3.57995
        -0.55349         3.58544
        -0.55289         3.59093
        -0.55229         3.59642
        -0.55169         3.60192
        -0.55109         3.60741
        -0.55049         3.61291
        -0.54989         3.61841
        -0.54929         3.62391
        -0.54869         3.62941
        -0.54809         3.63492
        -0.54749         3.64042
        -0.54689         3.64593
        -0.54629         3.65143
        -0.54569         3.65694
        -0.54509         3.66245
        -0.54449         3.66796
        -0.54389         3.67347
        -0.54329         3.67898
        -0.54269         3.68450
        -0.54209         3.69001
        -0.54149         3.69552
        -0.54089         3.70104
        -0.54029         3.70656
        -0.53969         3.71207
        -0.53909         3.71759
        -0.53849         3.72310
        -0.53789         3.72862
        -0.53729         3.73414
        -0.53669         3.73966
        -0.53609         3.74517
        -0.53549         3.75069
        -0.53489         3.75621
        -0.53429         3.76173
        -0.53369         3.76725
        -0.53309         3.77277
        -0.53249         3.77828
        -0.53189         3.78380
        -0.53129         3.78932
        -0.53069         3.79484
        -0.53009         3.80035
        -0.52949         3.80587
        -0.52889         3.81139
        -0.52829         3.81690
        -0.52769         3.82242
        -0.52709         3.82793
        -0.52649         3.83345
        -0.52589         3.83896
        -0.52528         3.84448
        -0.52468         3.84999
        -0.52408         3.85550
        -0.52348         3.86101
        -0.52288         3.86652
        -0.52228         3.87203
        -0.52168         3.87754
        -0.52108         3.88305
        -0.52048         3.88855
        -0.51988         3.89406
        -0.51928         3.89956
        -0.51868         3.90507
        -0.51808         3.91057
        -0.51748         3.91607
        -0.51688         3.92157
        -0.51628         3.92707
        -0.51568         3.93257
        -0.51508         3.93806
        -0.51448         3.94356
        -0.51388         3.94905
        -0.51328         3.95455
        -0.51268         3.96004
        -0.51208         3.96553
        -0.51148         3.97102
        -0.51088         3.97650
        -0.51028         3.98199
        -0.50968         3.98747
        -0.50908         3.99296
        -0.50848         3.99844
        -0.50788         4.00392
        -0.50728         4.00940
        -0.50668         4.01487
        -0.50608         4.02035
        -0.50548         4.02582
        -0.50488         4.03129
        -0.50428         4.03677
        -0.50368         4.04223
        -0.50308         4.04770
        -0.50248         4.05317
        -0.50188         4.05863
        -0.50128         4.06409
        -0.50068         4.06955
        -0.50008         4.07501
        -0.49948         4.08047
        -0.49888         4.08593
        -0.49828         4.09138
        -0.49768         4.09683
        -0.49708         4.10229
        -0.49648         4.10773
        -0.49588         4.11318
        -0.49528         4.11863
        -0.49468         4.12407
        -0.49408         4.12952
        -0.49348         4.13496
        -0.49288         4.14040
        -0.49228         4.14584
        -0.49168         4.15127
        -0.49108         4.15671
        -0.49048         4.16214
        -0.48988         4.16757
        -0.48928         4.17300
        -0.48868         4.17843
        -0.48808         4.18386
        -0.48748         4.18929
        -0.48688         4.19471
        -0.48628         4.20013
        -0.48568         4.20556
        -0.48508         4.21098
        -0.48448         4.21640
        -0.48387         4.22181
        -0.48327         4.22723
        -0.48267         4.23265
        -0.48207         4.23806
        -0.48147         4.24347
        -0.48087         4.24889
        -0.48027         4.25430
        -0.47967         4.25971
        -0.47907         4.26512
        -0.47847         4.27052
        -0.47787         4.27593
        -0.47727         4.28134
        -0.47667         4.28674
        -0.47607         4.29215
        -0.47547         4.29755
        -0.47487         4.30295
        -0.47427         4.30835
        -0.47367         4.31376
        -0.47307         4.31916
        -0.47247         4.32456
        -0.47187         4.32996
        -0.47127         4.33536
        -0.47067         4.34076
        -0.47007         4.34616
        -0.46947         4.35155
        -0.46887         4.35695
        -0.46827         4.36235
        -0.46767         4.36775
        -0.46707         4.37315
        -0.46647         4.37855
        -0.46587         4.38394
        -0.46527         4.38934
        -0.46467         4.39474
        -0.46407         4.40014
        -0.46347         4.40554
        -0.46287         4.41094
        -0.46227         4.41634
        -0.46167         4.42174
        -0.46107         4.42714
        -0.46047         4.43255
        -0.45987         4.43795
        -0.45927         4.44336
        -0.45867         4.44876
        -0.45807         4.45417
        -0.45747         4.45957
        -0.45687         4.46498
        -0.45627         4.47039
        -0.45567         4.47581
        -0.45507         4.48122
        -0.45447         4.48663
        -0.45387         4.49205
        -0.45327         4.49747
        -0.45267         4.50289
        -0.45207         4.50831
        -0.45147         4.51374
        -0.45087         4.51916
        -0.45027         4.52459
        -0.44967         4.53002
        -0.44907         4.53546
        -0.44847         4.54089
        -0.44787         4.54633
        -0.44727         4.55177
        -0.44667         4.55722
        -0.44607         4.56266
        -0.44547         4.56811
        -0.44487         4.57357
        -0.44427         4.57902
        -0.44367         4.58449
        -0.44307         4.58995
        -0.44246         4.59542
        -0.44186         4.60089
        -0.44126         4.60636
        -0.44066         4.61184
        -0.44006         4.61732
        -0.43946         4.62281
        -0.43886         4.62830
        -0.43826         4.63380
        -0.43766         4.63930
        -0.43706         4.64481
        -0.43646         4.65032
        -0.43586         4.65583
        -0.43526         4.66135
        -0.43466         4.66688
        -0.43406         4.67241
        -0.43346         4.67794
        -0.43286         4.68349
        -0.43226         4.68903
        -0.43166         4.69459
        -0.43106         4.70015
        -0.43046         4.70571
        -0.42986         4.71128
        -0.42926         4.71686
        -0.42866         4.72244
        -0.42806         4.72804
        -0.42746         4.73363
        -0.42686         4.73924
        -0.42626         4.74485
        -0.42566         4.75047
        -0.42506         4.75610
        -0.42446         4.76173
        -0.42386         4.76737
        -0.42326         4.77302
        -0.42266         4.77868
        -0.42206         4.78435
        -0.42146         4.79002
        -0.42086         4.79570
        -0.42026         4.80139
        -0.41966         4.80709
        -0.41906         4.81280
        -0.41846         4.81852
        -0.41786         4.82425
        -0.41726         4.82998
        -0.41666         4.83573
        -0.41606         4.84149
        -0.41546         4.84725
        -0.41486         4.85303
        -0.41426         4.85881
        -0.41366         4.86461
        -0.41306         4.87042
        -0.41246         4.87623
        -0.41186         4.88206
        -0.41126         4.88790
        -0.41066         4.89375
        -0.41006         4.89961
        -0.40946         4.90548
        -0.40886         4.91137
        -0.40826         4.91727
        -0.40766         4.92318
        -0.40706         4.92910
        -0.40646         4.93503
        -0.40586         4.94098
        -0.40526         4.94694
        -0.40466         4.95291
        -0.40406         4.95889
        -0.40346         4.96489
        -0.40286         4.97090
        -0.40226         4.97693
        -0.40166         4.98297
        -0.40105         4.98902
        -0.40045         4.99509
        -0.39985         5.00117
        -0.39925         5.00727
        -0.39865         5.01338
        -0.39805         5.01951
        -0.39745         5.02565
        -0.39685         5.03181
        -0.39625         5.03799
        -0.39565         5.04418
        -0.39505         5.05038
        -0.39445         5.05660
        -0.39385         5.06284
        -0.39325         5.06910
        -0.39265         5.07537
        -0.39205         5.08166
        -0.39145         5.08797
        -0.39085         5.09429
        -0.39025         5.10063
        -0.38965         5.10699
        -0.38905         5.11337
        -0.38845         5.11977
        -0.38785         5.12618
        -0.38725         5.13262
        -0.38665         5.13907
        -0.38605         5.14554
        -0.38545         5.15204
        -0.38485         5.15855
        -0.38425         5.16508
        -0.38365         5.17163
        -0.38305         5.17820
        -0.38245         5.18480
        -0.38185         5.19141
        -0.38125         5.19805
        -0.38065         5.20471
        -0.38005         5.21138
        -0.37945         5.21809
        -0.37885         5.22481
        -0.37825         5.23155
        -0.37765         5.23832
        -0.37705         5.24511
        -0.37645         5.25193
        -0.37585         5.25876
        -0.37525         5.26563
        -0.37465         5.27251
        -0.37405         5.27942
        -0.37345         5.28635
        -0.37285         5.29331
        -0.37225         5.30030
        -0.37165         5.30731
        -0.37105         5.31434
        -0.37045         5.32140
        -0.36985         5.32849
        -0.36925         5.33560
        -0.36865         5.34274
        -0.36805         5.34991
        -0.36745         5.35710
        -0.36685         5.36432
        -0.36625         5.37157
        -0.36565         5.37885
        -0.36505         5.38616
        -0.36445         5.39349
        -0.36385         5.40086
        -0.36325         5.40825
        -0.36265         5.41567
        -0.36205         5.42312
        -0.36145         5.43061
        -0.36085         5.43812
        -0.36024         5.44567
        -0.35964         5.45324
        -0.35904         5.46085
        -0.35844         5.46849
        -0.35784         5.47616
        -0.35724         5.48386
        -0.35664         5.49160
        -0.35604         5.49937
        -0.35544         5.50717
        -0.35484         5.51501
        -0.35424         5.52288
        -0.35364         5.53079
        -0.35304         5.53873
        -0.35244         5.54671
        -0.35184         5.55472
        -0.35124         5.56277
        -0.35064         5.57085
        -0.35004         5.57898
        -0.34944         5.58714
        -0.34884         5.59533
        -0.34824         5.60357
        -0.34764         5.61184
        -0.34704         5.62015
        -0.34644         5.62850
        -0.34584         5.63689
        -0.34524         5.64533
        -0.34464         5.65380
        -0.34404         5.66231
        -0.34344         5.67086
        -0.34284         5.67946
        -0.34224         5.68809
        -0.34164         5.69677
        -0.34104         5.70550
        -0.34044         5.71426
        -0.33984         5.72307
        -0.33924         5.73193
        -0.33864         5.74082
        -0.33804         5.74977
        -0.33744         5.75876
        -0.33684         5.76780
        -0.33624         5.77688
        -0.33564         5.78601
        -0.33504         5.79519
        -0.33444         5.80441
        -0.33384         5.81369
        -0.33324         5.82301
        -0.33264         5.83238
        -0.33204         5.84181
        -0.33144         5.85128
        -0.33084         5.86081
        -0.33024         5.87039
        -0.32964         5.88002
        -0.32904         5.88970
        -0.32844         5.89944
        -0.32784         5.90923
        -0.32724         5.91907
        -0.32664         5.92897
        -0.32604         5.93893
        -0.32544         5.94894
        -0.32484         5.95902
        -0.32424         5.96914
        -0.32364         5.97933
        -0.32304         5.98957
        -0.32244         5.99988
        -0.32184         6.01025
        -0.32124         6.02067
        -0.32064         6.03116
        -0.32004         6.04171
        -0.31944         6.05232
        -0.31883         6.06300
        -0.31823         6.07374
        -0.31763         6.08455
        -0.31703         6.09542
        -0.31643         6.10636
        -0.31583         6.11736
        -0.31523         6.12844
        -0.31463         6.13958
        -0.31403         6.15079
        -0.31343         6.16207
        -0.31283         6.17343
        -0.31223         6.18485
        -0.31163         6.19635
        -0.31103         6.20792
        -0.31043         6.21957
        -0.30983         6.23129
        -0.30923         6.24309
        -0.30863         6.25496
        -0.30803         6.26692
        -0.30743         6.27895
        -0.30683         6.29106
        -0.30623         6.30325
        -0.30563         6.31553
        -0.30503         6.32788
        -0.30443         6.34032
        -0.30383         6.35285
        -0.30323         6.36546
        -0.30263         6.37816
        -0.30203         6.39094
        -0.30143         6.40381
        -0.30083         6.41678
        -0.30023         6.42983
        -0.29963         6.44298
        -0.29903         6.45622
        -0.29843         6.46955
        -0.29783         6.48298
        -0.29723         6.49650
        -0.29663         6.51013
        -0.29603         6.52385
        -0.29543         6.53767
        -0.29483         6.55160
        -0.29423         6.56562
        -0.29363         6.57975
        -0.29303         6.59399
        -0.29243         6.60833
        -0.29183         6.62278
        -0.29123         6.63734
        -0.29063         6.65201
        -0.29003         6.66679
        -0.28943         6.68169
        -0.28883         6.69670
        -0.28823         6.71183
        -0.28763         6.72707
        -0.28703         6.74244
        -0.28643         6.75793
        -0.28583         6.77354
        -0.28523         6.78927
        -0.28463         6.80513
        -0.28403         6.82112
        -0.28343         6.83723
        -0.28283         6.85348
        -0.28223         6.86986
        -0.28163         6.88638
        -0.28103         6.90303
        -0.28043         6.91983
        -0.27983         6.93676
        -0.27923         6.95383
        -0.27863         6.97105
        -0.27803         6.98841
        -0.27742         7.00593
        -0.27682         7.02359
        -0.27622         7.04141
        -0.27562         7.05938
        -0.27502         7.07750
        -0.27442         7.09579
        -0.27382         7.11424
        -0.27322         7.13285
        -0.27262         7.15162
        -0.27202         7.17057
        -0.27142         7.18969
        -0.27082         7.20898
        -0.27022         7.22844
        -0.26962         7.24809
        -0.26902         7.26791
        -0.26842         7.28792
        -0.26782         7.30812
        -0.26722         7.32850
        -0.26662         7.34908
        -0.26602         7.36985
        -0.26542         7.39082
        -0.26482         7.41199
        -0.26422         7.43337
        -0.26362         7.45495
        -0.26302         7.47674
        -0.26242         7.49875
        -0.26182         7.52097
        -0.26122         7.54342
        -0.26062         7.56609
        -0.26002         7.58898
        -0.25942         7.61211
        -0.25882         7.63547
        -0.25822         7.65907
        -0.25762         7.68292
        -0.25702         7.70701
        -0.25642         7.73135
        -0.25582         7.75594
        -0.25522         7.78080
        -0.25462         7.80591
        -0.25402         7.83130
        -0.25342         7.85695
        -0.25282         7.88289
        -0.25222         7.90910
        -0.25162         7.93560
        -0.25102         7.96239
        -0.25042         7.98947
        -0.24982         8.01686
        -0.24922         8.04455
        -0.24862         8.07256
        -0.24802         8.10088
        -0.24742         8.12952
        -0.24682         8.15850
        -0.24622         8.18780
        -0.24562         8.21745
        -0.24502         8.24744
        -0.24442         8.27778
        -0.24382         8.30849
        -0.24322         8.33956
        -0.24262         8.37100
        -0.24202         8.40282
        -0.24142         8.43502
        -0.24082         8.46762
        -0.24022         8.50062
        -0.23962         8.53403
        -0.23902         8.56785
        -0.23842         8.60210
        -0.23782         8.63678
        -0.23722         8.67190
        -0.23662         8.70747
        -0.23601         8.74350
        -0.23541         8.77999
        -0.23481         8.81696
        -0.23421         8.85442
        -0.23361         8.89237
        -0.23301         8.93083
        -0.23241         8.96980
        -0.23181         9.00930
        -0.23121         9.04934
        -0.23061         9.08993
        -0.23001         9.13107
        -0.22941         9.17279
        -0.22881         9.21509
        -0.22821         9.25799
        -0.22761         9.30149
        -0.22701         9.34562
        -0.22641         9.39038
        -0.22581         9.43579
        -0.22521         9.48186
        -0.22461         9.52862
        -0.22401         9.57606
        -0.22341         9.62422
        -0.22281         9.67310
        -0.22221         9.72272
        -0.22161         9.77309
        -0.22101         9.82425
        -0.22041         9.87619
        -0.21981         9.92895
        -0.21921         9.98254
        -0.21861        10.03698
        -0.21801        10.09229
        -0.21741        10.14849
        -0.21681        10.20560
        -0.21621        10.26365
        -0.21561        10.32266
        -0.21501        10.38265
        -0.21441        10.44365
        -0.21381        10.50567
        -0.21321        10.56876
        -0.21261        10.63292
        -0.21201        10.69820
        -0.21141        10.76462
        -0.21081        10.83221
        -0.21021        10.90100
        -0.20961        10.97102
        -0.20901        11.04230
        -0.20841        11.11488
        -0.20781        11.18880
        -0.20721        11.26408
        -0.20661        11.34077
        -0.20601        11.41890
        -0.20541        11.49852
        -0.20481        11.57966
        -0.20421        11.66238
        -0.20361        11.74670
        -0.20301        11.83268
        -0.20241        11.92037
        -0.20181        12.00982
        -0.20121        12.10107
        -0.20061        12.19417
        -0.20001        12.28920
        -0.19941        12.38619
        -0.19881        12.48521
        -0.19821        12.58633
        -0.19761        12.68959
        -0.19701        12.79508
        -0.19641        12.90286
        -0.19581        13.01299
        -0.19520        13.12555
        -0.19460        13.24063
        -0.19400        13.35829
        -0.19340        13.47862
        -0.19280        13.60170
        -0.19220        13.72763
        -0.19160        13.85649
        -0.19100        13.98839
        -0.19040        14.12341
        -0.18980        14.26167
        -0.18920        14.40326
        -0.18860        14.54831
        -0.18800        14.69692
        -0.18740        14.84922
        -0.18680        15.00533
        -0.18620        15.16538
        -0.18560        15.32950
        -0.18500        15.49783
        -0.18440        15.67052
        -0.18380        15.84772
        -0.18320        16.02957
        -0.18260        16.21624
        -0.18200        16.40791
        -0.18140        16.60473
        -0.18080        16.80689
        -0.18020        17.01457
        -0.17960        17.22796
        -0.17900        17.44726
        -0.17840        17.67267
        -0.17780        17.90440
        -0.17720        18.14267
        -0.17660        18.38769
        -0.17600        18.63969
        -0.17540        18.89890
        -0.17480        19.16557
        -0.17420        19.43992
        -0.17360        19.72221
        -0.17300        20.01268
        -0.17240        20.31159
        -0.17180        20.61919
        -0.17120        20.93574
        -0.17060        21.26147
        -0.17000        21.59666
        -0.16940        21.94154
        -0.16880        22.29635
        -0.16820        22.66132
        -0.16760        23.03668
        -0.16700        23.42262
        -0.16640        23.81935
        -0.16580        24.22702
        -0.16520        24.64577
        -0.16460        25.07573
        -0.16400        25.51695
        -0.16340        25.96948
        -0.16280        26.43330
        -0.16220        26.90835
        -0.16160        27.39449
        -0.16100        27.89154
        -0.16040        28.39921
        -0.15980        28.91716
        -0.15920        29.44494
        -0.15860        29.98200
        -0.15800        30.52769
        -0.15740        31.08124
        -0.15680        31.64175
        -0.15620        32.20822
        -0.15560        32.77948
        -0.15500        33.35426
        -0.15440        33.93113
        -0.15379        34.50853
        -0.15319        35.08478
        -0.15259        35.65804
        -0.15199        36.22640
        -0.15139        36.78780
        -0.15079        37.34012
        -0.15019        37.88115
        -0.14959        38.40864
        -0.14899        38.92031
        -0.14839        39.41388
        -0.14779        39.88709
        -0.14719        40.33775
        -0.14659        40.76372
        -0.14599        41.16302
        -0.14539        41.53377
        -0.14479        41.87426
        -0.14419        42.18300
        -0.14359        42.45865
        -0.14299        42.70014
        -0.14239        42.90660
        -0.14179        43.07743
        -0.14119        43.21225
        -0.14059        43.31096
        -0.13999        43.37367
        -0.13939        43.40076
        -0.13879        43.39283
        -0.13819        43.35071
        -0.13759        43.27543
        -0.13699        43.16823
        -0.13639        43.03051
        -0.13579        42.86384
        -0.13519        42.66994
        -0.13459        42.45063
        -0.13399        42.20784
        -0.13339        41.94358
        -0.13279        41.65990
        -0.13219        41.35890
        -0.13159        41.04267
        -0.13099        40.71330
        -0.13039        40.37284
        -0.12979        40.02331
        -0.12919        39.66666
        -0.12859        39.30473
        -0.12799        38.93932
        -0.12739        38.57208
        -0.12679        38.20459
        -0.12619        37.83829
        -0.12559        37.47452
        -0.12499        37.11449
        -0.12439        36.75929
        -0.12379        36.40990
        -0.12319        36.06719
        -0.12259        35.73190
        -0.12199        35.40468
        -0.12139        35.08608
        -0.12079        34.77657
        -0.12019        34.47650
        -0.11959        34.18617
        -0.11899        33.90579
        -0.11839        33.63551
        -0.11779        33.37542
        -0.11719        33.12555
        -0.11659        32.88589
        -0.11599        32.65637
        -0.11539        32.43690
        -0.11479        32.22736
        -0.11419        32.02758
        -0.11359        31.83738
        -0.11299        31.65656
        -0.11238        31.48490
        -0.11178        31.32215
        -0.11118        31.16808
        -0.11058        31.02243
        -0.10998        30.88493
        -0.10938        30.75531
        -0.10878        30.63330
        -0.10818        30.51863
        -0.10758        30.41103
        -0.10698        30.31021
        -0.10638        30.21590
        -0.10578        30.12783
        -0.10518        30.04574
        -0.10458        29.96936
        -0.10398        29.89843
        -0.10338        29.83269
        -0.10278        29.77190
        -0.10218        29.71580
        -0.10158        29.66415
        -0.10098        29.61673
        -0.10038        29.57329
        -0.09978        29.53362
        -0.09918        29.49750
        -0.09858        29.46471
        -0.09798        29.43506
        -0.09738        29.40833
        -0.09678        29.38433
        -0.09618        29.36288
        -0.09558        29.34378
        -0.09498        29.32687
        -0.09438        29.31196
        -0.09378        29.29889
        -0.09318        29.28750
        -0.09258        29.27762
        -0.09198        29.26910
        -0.09138        29.26180
        -0.09078        29.25556
        -0.09018        29.25026
        -0.08958        29.24574
        -0.08898        29.24189
        -0.08838        29.23857
        -0.08778        29.23566
        -0.08718        29.23303
        -0.08658        29.23058
        -0.08598        29.22818
        -0.08538        29.22572
        -0.08478        29.22310
        -0.08418        29.22021
        -0.08358        29.21695
        -0.08298        29.21321
        -0.08238        29.20890
        -0.08178        29.20393
        -0.08118        29.19820
        -0.08058        29.19161
        -0.07998        29.18409
        -0.07938        29.17555
        -0.07878        29.16589
        -0.07818        29.15503
        -0.07758        29.14290
        -0.07698        29.12941
        -0.07638        29.11449
        -0.07578        29.09806
        -0.07518        29.08004
        -0.07458        29.06036
        -0.07398        29.03895
        -0.07338        29.01575
        -0.07278        28.99067
        -0.07218        28.96366
        -0.07158        28.93466
        -0.07097        28.90360
        -0.07037        28.87042
        -0.06977        28.83506
        -0.06917        28.79747
        -0.06857        28.75760
        -0.06797        28.71540
        -0.06737        28.67081
        -0.06677        28.62379
        -0.06617        28.57430
        -0.06557        28.52230
        -0.06497        28.46776
        -0.06437        28.41064
        -0.06377        28.35090
        -0.06317        28.28853
        -0.06257        28.22350
        -0.06197        28.15580
        -0.06137        28.08539
        -0.06077        28.01228
        -0.06017        27.93644
        -0.05957        27.85789
        -0.05897        27.77661
        -0.05837        27.69261
        -0.05777        27.60590
        -0.05717        27.51648
        -0.05657        27.42437
        -0.05597        27.32959
        -0.05537        27.23215
        -0.05477        27.13210
        -0.05417        27.02945
        -0.05357        26.92424
        -0.05297        26.81650
        -0.05237        26.70629
        -0.05177        26.59363
        -0.05117        26.47858
        -0.05057        26.36118
        -0.04997        26.24150
        -0.04937        26.11959
        -0.04877        25.99551
        -0.04817        25.86932
        -0.04757        25.74108
        -0.04697        25.61086
        -0.04637        25.47874
        -0.04577        25.34478
        -0.04517        25.20905
        -0.04457        25.07163
        -0.04397        24.93261
        -0.04337        24.79204
        -0.04277        24.65002
        -0.04217        24.50663
        -0.04157        24.36194
        -0.04097        24.21603
        -0.04037        24.06899
        -0.03977        23.92090
        -0.03917        23.77184
        -0.03857        23.62190
        -0.03797        23.47115
        -0.03737        23.31967
        -0.03677        23.16755
        -0.03617        23.01487
        -0.03557        22.86170
        -0.03497        22.70813
        -0.03437        22.55423
        -0.03377        22.40007
        -0.03317        22.24574
        -0.03257        22.09130
        -0.03197        21.93683
        -0.03137        21.78240
        -0.03077        21.62807
        -0.03016        21.47391
        -0.02956        21.31998
        -0.02896        21.16636
        -0.02836        21.01309
        -0.02776        20.86024
        -0.02716        20.70787
        -0.02656        20.55603
        -0.02596        20.40477
        -0.02536        20.25414
        -0.02476        20.10420
        -0.02416        19.95499
        -0.02356        19.80654
        -0.02296        19.65892
        -0.02236        19.51215
        -0.02176        19.36627
        -0.02116        19.22132
        -0.02056        19.07734
        -0.01996        18.93435
        -0.01936        18.79239
        -0.01876        18.65148
        -0.01816        18.51165
        -0.01756        18.37293
        -0.01696        18.23533
        -0.01636        18.09889
        -0.01576        17.96361
        -0.01516        17.82952
        -0.01456        17.69663
        -0.01396        17.56495
        -0.01336        17.43451
        -0.01276        17.30530
        -0.01216        17.17735
        -0.01156        17.05065
        -0.01096        16.92522
        -0.01036        16.80107
        -0.00976        16.67819
        -0.00916        16.55659
        -0.00856        16.43628
        -0.00796        16.31725
        -0.00736        16.19951
        -0.00676        16.08306
        -0.00616        15.96790
        -0.00556        15.85401
        -0.00496        15.74141
        -0.00436        15.63008
        -0.00376        15.52003
        -0.00316        15.41125
        -0.00256        15.30372
        -0.00196        15.19745
        -0.00136        15.09243
        -0.00076        14.98866
        -0.00016        14.88611
         0.00044        14.78480
         0.00104        14.68469
         0.00164        14.58580
         0.00224        14.48810
         0.00284        14.39159
         0.00344        14.29626
         0.00404        14.20210
         0.00464        14.10909
         0.00524        14.01723
         0.00584        13.92650
         0.00644        13.83690
         0.00704        13.74841
         0.00764        13.66101
         0.00824        13.57471
         0.00884        13.48948
         0.00944        13.40532
         0.01004        13.32220
         0.01064        13.24013
         0.01125        13.15908
         0.01185        13.07905
         0.01245        13.00002
         0.01305        12.92198
         0.01365        12.84492
         0.01425        12.76883
         0.01485        12.69368
         0.01545        12.61948
         0.01605        12.54621
         0.01665        12.47385
         0.01725        12.40240
         0.01785        12.33184
         0.01845        12.26216
         0.01905        12.19335
         0.01965        12.12540
         0.02025        12.05829
         0.02085        11.99201
         0.02145        11.92656
         0.02205        11.86191
         0.02265        11.79806
         0.02325        11.73500
         0.02385        11.67272
         0.02445        11.61119
         0.02505        11.55043
         0.02565        11.49040
         0.02625        11.43111
         0.02685        11.37254
         0.02745        11.31468
         0.02805        11.25752
         0.02865        11.20105
         0.02925        11.14526
         0.02985        11.09014
         0.03045        11.03568
         0.03105        10.98187
         0.03165        10.92871
         0.03225        10.87617
         0.03285        10.82425
         0.03345        10.77295
         0.03405        10.72225
         0.03465        10.67215
         0.03525        10.62263
         0.03585        10.57368
         0.03645        10.52531
         0.03705        10.47749
         0.03765        10.43023
         0.03825        10.38351
         0.03885        10.33732
         0.03945        10.29166
         0.04005        10.24652
         0.04065        10.20189
         0.04125        10.15776
         0.04185        10.11413
         0.04245        10.07098
         0.04305        10.02832
         0.04365         9.98613
         0.04425         9.94441
         0.04485         9.90314
         0.04545         9.86233
         0.04605         9.82197
         0.04665         9.78204
         0.04725         9.74254
         0.04785         9.70348
         0.04845         9.66483
         0.04905         9.62659
         0.04965         9.58876
         0.05025         9.55134
         0.05085         9.51430
         0.05145         9.47766
         0.05205         9.44140
         0.05266         9.40552
         0.05326         9.37001
         0.05386         9.33487
         0.05446         9.30008
         0.05506         9.26566
         0.05566         9.23158
         0.05626         9.19785
         0.05686         9.16446
         0.05746         9.13140
         0.05806         9.09868
         0.05866         9.06628
         0.05926         9.03420
         0.05986         9.00244
         0.06046         8.97099
         0.06106         8.93984
         0.06166         8.90900
         0.06226         8.87846
         0.06286         8.84820
         0.06346         8.81824
         0.06406         8.78857
         0.06466         8.75917
         0.06526         8.73005
         0.06586         8.70121
         0.06646         8.67263
         0.06706         8.64432
         0.06766         8.61627
         0.06826         8.58848
         0.06886         8.56095
         0.06946         8.53366
         0.07006         8.50662
         0.07066         8.47982
         0.07126         8.45327
         0.07186         8.42695
         0.07246         8.40086
         0.07306         8.37501
         0.07366         8.34938
         0.07426         8.32397
         0.07486         8.29879
         0.07546         8.27382
         0.07606         8.24907
         0.07666         8.22453
         0.07726         8.20019
         0.07786         8.17607
         0.07846         8.15214
         0.07906         8.12842
         0.07966         8.10490
         0.08026         8.08156
         0.08086         8.05843
         0.08146         8.03548
         0.08206         8.01271
         0.08266         7.99013
         0.08326         7.96774
         0.08386         7.94552
         0.08446         7.92348
         0.08506         7.90162
         0.08566         7.87993
         0.08626         7.85840
         0.08686         7.83705
         0.08746         7.81586
         0.08806         7.79484
         0.08866         7.77397
         0.08926         7.75327
         0.08986         7.73272
         0.09046         7.71233
         0.09106         7.69209
         0.09166         7.67200
         0.09226         7.65207
         0.09286         7.63228
         0.09346         7.61263
         0.09407         7.59313
         0.09467         7.57377
         0.09527         7.55455
         0.09587         7.53547
         0.09647         7.51652
         0.09707         7.49771
         0.09767         7.47903
         0.09827         7.46049
         0.09887         7.44207
         0.09947         7.42378
         0.10007         7.40562
         0.10067         7.38759
         0.10127         7.36967
         0.10187         7.35188
         0.10247         7.33421
         0.10307         7.31666
         0.10367         7.29923
         0.10427         7.28191
         0.10487         7.26471
         0.10547         7.24762
         0.10607         7.23064
         0.10667         7.21377
         0.10727         7.19702
         0.10787         7.18037
         0.10847         7.16382
         0.10907         7.14739
         0.10967         7.13106
         0.11027         7.11483
         0.11087         7.09870
         0.11147         7.08267
         0.11207         7.06675
         0.11267         7.05092
         0.11327         7.03519
         0.11387         7.01955
         0.11447         7.00402
         0.11507         6.98857
         0.11567         6.97322
         0.11627         6.95796
         0.11687         6.94279
         0.11747         6.92771
         0.11807         6.91272
         0.11867         6.89782
         0.11927         6.88300
         0.11987         6.86827
         0.12047         6.85363
         0.12107         6.83907
         0.12167         6.82460
         0.12227         6.81020
         0.12287         6.79589
         0.12347         6.78166
         0.12407         6.76751
         0.12467         6.75343
         0.12527         6.73944
         0.12587         6.72552
         0.12647         6.71168
         0.12707         6.69792
         0.12767         6.68423
         0.12827         6.67061
         0.12887         6.65707
         0.12947         6.64360
         0.13007         6.63020
         0.13067         6.61688
         0.13127         6.60362
         0.13187         6.59044
         0.13247         6.57732
         0.13307         6.56427
         0.13367         6.55129
         0.13427         6.53838
         0.13488         6.52553
         0.13548         6.51275
         0.13608         6.50003
         0.13668         6.48738
         0.13728         6.47479
         0.13788         6.46227
         0.13848         6.44981
         0.13908         6.43741
         0.13968         6.42507
         0.14028         6.41280
         0.14088         6.40058
         0.14148         6.38842
         0.14208         6.37633
         0.14268         6.36429
         0.14328         6.35231
         0.14388         6.34038
         0.14448         6.32852
         0.14508         6.31671
         0.14568         6.30496
         0.14628         6.29326
         0.14688         6.28162
         0.14748         6.27003
         0.14808         6.25850
         0.14868         6.24702
         0.14928         6.23560
         0.14988         6.22422
         0.15048         6.21290
         0.15108         6.20164
         0.15168         6.19042
         0.15228         6.17925
         0.15288         6.16814
         0.15348         6.15707
         0.15408         6.14606
         0.15468         6.13509
         0.15528         6.12418
         0.15588         6.11331
         0.15648         6.10249
         0.15708         6.09172
         0.15768         6.08099
         0.15828         6.07031
         0.15888         6.05968
         0.15948         6.04910
         0.16008         6.03856
         0.16068         6.02807
         0.16128         6.01762
         0.16188         6.00722
         0.16248         5.99686
         0.16308         5.98655
         0.16368         5.97628
         0.16428         5.96605
         0.16488         5.95587
         0.16548         5.94573
         0.16608         5.93563
         0.16668         5.92557
         0.16728         5.91556
         0.16788         5.90559
         0.16848         5.89566
         0.16908         5.88577
         0.16968         5.87592
         0.17028         5.86611
         0.17088         5.85634
         0.17148         5.84662
         0.17208         5.83693
         0.17268         5.82728
         0.17328         5.81767
         0.17388         5.80810
         0.17448         5.79857
         0.17508         5.78907
         0.17568         5.77962
         0.17629         5.77020
         0.17689         5.76082
         0.17749         5.75148
         0.17809         5.74217
         0.17869         5.73290
         0.17929         5.72367
         0.17989         5.71448
         0.18049         5.70532
         0.18109         5.69619
         0.18169         5.68710
         0.18229         5.67805
         0.18289         5.66903
         0.18349         5.66005
         0.18409         5.65110
         0.18469         5.64219
         0.18529         5.63331
         0.18589         5.62447
         0.18649         5.61565
         0.18709         5.60688
         0.18769         5.59813
         0.18829         5.58942
         0.18889         5.58075
         0.18949         5.57210
         0.19009         5.56349
         0.19069         5.55491
         0.19129         5.54637
         0.19189         5.53785
         0.19249         5.52937
         0.19309         5.52092
         0.19369         5.51250
         0.19429         5.50412
         0.19489         5.49576
         0.19549         5.48744
         0.19609         5.47914
         0.19669         5.47088
         0.19729         5.46265
         0.19789         5.45445
         0.19849         5.44628
         0.19909         5.43813
         0.19969         5.43002
         0.20029         5.42194
         0.20089         5.41389
         0.20149         5.40587
         0.20209         5.39788
         0.20269         5.38991
         0.20329         5.38198
         0.20389         5.37407
         0.20449         5.36619
         0.20509         5.35835
         0.20569         5.35053
         0.20629         5.34273
         0.20689         5.33497
         0.20749         5.32724
         0.20809         5.31953
         0.20869         5.31185
         0.20929         5.30420
         0.20989         5.29657
         0.21049         5.28898
         0.21109         5.28141
         0.21169         5.27386
         0.21229         5.26635
         0.21289         5.25886
         0.21349         5.25140
         0.21409         5.24396
         0.21469         5.23655
         0.21529         5.22917
         0.21589         5.22181
         0.21649         5.21448
         0.21709         5.20718
         0.21770         5.19990
         0.21830         5.19265
         0.21890         5.18542
         0.21950         5.17822
         0.22010         5.17104
         0.22070         5.16389
         0.22130         5.15677
         0.22190         5.14967
         0.22250         5.14259
         0.22310         5.13554
         0.22370         5.12851
         0.22430         5.12151
         0.22490         5.11453
         0.22550         5.10758
         0.22610         5.10065
         0.22670         5.09375
         0.22730         5.08687
         0.22790         5.08002
         0.22850         5.07318
         0.22910         5.06638
         0.22970         5.05959
         0.23030         5.05283
         0.23090         5.04609
         0.23150         5.03938
         0.23210         5.03269
         0.23270         5.02602
         0.23330         5.01938
         0.23390         5.01276
         0.23450         5.00616
         0.23510         4.99959
         0.23570         4.99303
         0.23630         4.98650
         0.23690         4.98000
         0.23750         4.97351
         0.23810         4.96705
         0.23870         4.96061
         0.23930         4.95419
         0.23990         4.94780
         0.24050         4.94143
         0.24110         4.93507
         0.24170         4.92875
         0.24230         4.92244
         0.24290         4.91615
         0.24350         4.90989
         0.24410         4.90365
         0.24470         4.89743
         0.24530         4.89123
         0.24590         4.88505
         0.24650         4.87889
         0.24710         4.87275
         0.24770         4.86664
         0.24830         4.86055
         0.24890         4.85447
         0.24950         4.84842
         0.25010         4.84239
         0.25070         4.83638
         0.25130         4.83039
         0.25190         4.82442
         0.25250         4.81847
         0.25310         4.81255
         0.25370         4.80664
         0.25430         4.80075
         0.25490         4.79488
         0.25550         4.78904
         0.25610         4.78321
         0.25670         4.77740
         0.25730         4.77161
         0.25790         4.76585
         0.25850         4.76010
         0.25911         4.75437
         0.25971         4.74866
         0.26031         4.74297
         0.26091         4.73730
         0.26151         4.73165
         0.26211         4.72602
         0.26271         4.72041
         0.26331         4.71482
         0.26391         4.70925
         0.26451         4.70369
         0.26511         4.69816
         0.26571         4.69264
         0.26631         4.68715
         0.26691         4.68167
         0.26751         4.67621
         0.26811         4.67077
         0.26871         4.66535
         0.26931         4.65994
         0.26991         4.65456
         0.27051         4.64919
         0.27111         4.64385
         0.27171         4.63852
         0.27231         4.63320
         0.27291         4.62791
         0.27351         4.62264
         0.27411         4.61738
         0.27471         4.61214
         0.27531         4.60692
         0.27591         4.60172
         0.27651         4.59653
         0.27711         4.59137
         0.27771         4.58622
         0.27831         4.58108
         0.27891         4.57597
         0.27951         4.57087
         0.28011         4.56580
         0.28071         4.56073
         0.28131         4.55569
         0.28191         4.55066
         0.28251         4.54565
         0.28311         4.54066
         0.28371         4.53569
         0.28431         4.53073
         0.28491         4.52579
         0.28551         4.52086
         0.28611         4.51596
         0.28671         4.51107
         0.28731         4.50619
         0.28791         4.50134
         0.28851         4.49650
         0.28911         4.49167
         0.28971         4.48687
         0.29031         4.48208
         0.29091         4.47731
         0.29151         4.47255
         0.29211         4.46781
         0.29271         4.46308
         0.29331         4.45838
         0.29391         4.45369
         0.29451         4.44901
         0.29511         4.44435
         0.29571         4.43971
         0.29631         4.43508
         0.29691         4.43047
         0.29751         4.42588
         0.29811         4.42130
         0.29871         4.41674
         0.29931         4.41219
         0.29992         4.40766
         0.30052         4.40314
         0.30112         4.39864
         0.30172         4.39416
         0.30232         4.38969
         0.30292         4.38524
         0.30352         4.38080
         0.30412         4.37638
         0.30472         4.37197
         0.30532         4.36758
         0.30592         4.36320
         0.30652         4.35884
         0.30712         4.35450
         0.30772         4.35017
         0.30832         4.34585
         0.30892         4.34155
         0.30952         4.33727
         0.31012         4.33300
         0.31072         4.32874
         0.31132         4.32450
         0.31192         4.32028
         0.31252         4.31607
         0.31312         4.31187
         0.31372         4.30769
         0.31432         4.30352
         0.31492         4.29937
         0.31552         4.29523
         0.31612         4.29111
         0.31672         4.28700
         0.31732         4.28291
         0.31792         4.27883
         0.31852         4.27476
         0.31912         4.27071
         0.31972         4.26668
         0.32032         4.26265
         0.32092         4.25865
         0.32152         4.25465
         0.32212         4.25067
         0.32272         4.24671
         0.32332         4.24275
         0.32392         4.23882
         0.32452         4.23489
         0.32512         4.23098
         0.32572         4.22709
         0.32632         4.22321
         0.32692         4.21934
         0.32752         4.21548
         0.32812         4.21164
         0.32872         4.20781
         0.32932         4.20400
         0.32992         4.20020
         0.33052         4.19641
         0.33112         4.19264
         0.33172         4.18888
         0.33232         4.18513
         0.33292         4.18140
         0.33352         4.17768
         0.33412         4.17398
         0.33472         4.17028
         0.33532         4.16660
         0.33592         4.16294
         0.33652         4.15928
         0.33712         4.15564
         0.33772         4.15201
         0.33832         4.14840
         0.33892         4.14480
         0.33952         4.14121
         0.34012         4.13763
         0.34072         4.13407
         0.34133         4.13052
         0.34193         4.12699
         0.34253         4.12346
         0.34313         4.11995
         0.34373         4.11645
         0.34433         4.11296
         0.34493         4.10949
         0.34553         4.10603
         0.34613         4.10258
         0.34673         4.09915
         0.34733         4.09572
         0.34793         4.09231
         0.34853         4.08891
         0.34913         4.08553
         0.34973         4.08215
         0.35033         4.07879
         0.35093         4.07544
         0.35153         4.07210
         0.35213         4.06878
         0.35273         4.06547
         0.35333         4.06216
         0.35393         4.05888
         0.35453         4.05560
         0.35513         4.05233
         0.35573         4.04908
         0.35633         4.04584
         0.35693         4.04261
         0.35753         4.03939
         0.35813         4.03619
         0.35873         4.03300
         0.35933         4.02981
         0.35993         4.02664
         0.36053         4.02349
         0.36113         4.02034
         0.36173         4.01720
         0.36233         4.01408
         0.36293         4.01097
         0.36353         4.00787
         0.36413         4.00478
         0.36473         4.00170
         0.36533         3.99864
         0.36593         3.99558
         0.36653         3.99254
         0.36713         3.98951
         0.36773         3.98649
         0.36833         3.98348
         0.36893         3.98048
         0.36953         3.97749
         0.37013         3.97452
         0.37073         3.97155
         0.37133         3.96860
         0.37193         3.96565
         0.37253         3.96272
         0.37313         3.95980
         0.37373         3.95689
         0.37433         3.95399
         0.37493         3.95111
         0.37553         3.94823
         0.37613         3.94536
         0.37673         3.94251
         0.37733         3.93966
         0.37793         3.93683
         0.37853         3.93401
         0.37913         3.93120
         0.37973         3.92839
         0.38033         3.92560
         0.38093         3.92282
         0.38153         3.92005
         0.38213         3.91729
         0.38274         3.91455
         0.38334         3.91181
         0.38394         3.90908
         0.38454         3.90636
         0.38514         3.90365
         0.38574         3.90096
         0.38634         3.89827
         0.38694         3.89560
         0.38754         3.89293
         0.38814         3.89027
         0.38874         3.88763
         0.38934         3.88499
         0.38994         3.88237
         0.39054         3.87975
         0.39114         3.87715
         0.39174         3.87455
         0.39234         3.87197
         0.39294         3.86940
         0.39354         3.86683
         0.39414         3.86428
         0.39474         3.86173
         0.39534         3.85920
         0.39594         3.85667
         0.39654         3.85416
         0.39714         3.85165
         0.39774         3.84915
         0.39834         3.84667
         0.39894         3.84419
         0.39954         3.84173
         0.40014         3.83927
         0.40074         3.83682
         0.40134         3.83438
         0.40194         3.83196
         0.40254         3.82954
         0.40314         3.82713
         0.40374         3.82473
         0.40434         3.82234
         0.40494         3.81996
         0.40554         3.81759
         0.40614         3.81523
         0.40674         3.81287
         0.40734         3.81053
         0.40794         3.80820
         0.40854         3.80587
         0.40914         3.80356
         0.40974         3.80125
         0.41034         3.79895
         0.41094         3.79667
         0.41154         3.79439
         0.41214         3.79212
         0.41274         3.78986
         0.41334         3.78761
         0.41394         3.78537
         0.41454         3.78313
         0.41514         3.78091
         0.41574         3.77869
         0.41634         3.77649
         0.41694         3.77429
         0.41754         3.77210
         0.41814         3.76992
         0.41874         3.76775
         0.41934         3.76559
         0.41994         3.76344
         0.42054         3.76129
         0.42114         3.75916
         0.42174         3.75703
         0.42234         3.75491
         0.42294         3.75280
         0.42354         3.75070
         0.42415         3.74861
         0.42475         3.74652
         0.42535         3.74445
         0.42595         3.74238
         0.42655         3.74032
         0.42715         3.73827
         0.42775         3.73623
         0.42835         3.73420
         0.42895         3.73217
         0.42955         3.73016
         0.43015         3.72815
         0.43075         3.72615
         0.43135         3.72416
         0.43195         3.72218
         0.43255         3.72020
         0.43315         3.71824
         0.43375         3.71628
         0.43435         3.71433
         0.43495         3.71239
         0.43555         3.71045
         0.43615         3.70853
         0.43675         3.70661
         0.43735         3.70470
         0.43795         3.70280
         0.43855         3.70091
         0.43915         3.69902
         0.43975         3.69714
         0.44035         3.69527
         0.44095         3.69341
         0.44155         3.69156
         0.44215         3.68971
         0.44275         3.68788
         0.44335         3.68605
         0.44395         3.68422
         0.44455         3.68241
         0.44515         3.68060
         0.44575         3.67880
         0.44635         3.67701
         0.44695         3.67523
         0.44755         3.67345
         0.44815         3.67169
         0.44875         3.66992
         0.44935         3.66817
         0.44995         3.66643
         0.45055         3.66469
         0.45115         3.66296
         0.45175         3.66124
         0.45235         3.65952
         0.45295         3.65781
         0.45355         3.65611
         0.45415         3.65442
         0.45475         3.65273
         0.45535         3.65106
         0.45595         3.64938
         0.45655         3.64772
         0.45715         3.64607
         0.45775         3.64442
         0.45835         3.64277
         0.45895         3.64114
         0.45955         3.63951
         0.46015         3.63789
         0.46075         3.63628
         0.46135         3.63467
         0.46195         3.63308
         0.46255         3.63148
         0.46315         3.62990
         0.46375         3.62832
         0.46435         3.62675
         0.46495         3.62519
         0.46556         3.62363
         0.46616         3.62208
         0.46676         3.62054
         0.46736         3.61901
         0.46796         3.61748
         0.46856         3.61596
         0.46916         3.61444
         0.46976         3.61293
         0.47036         3.61143
         0.47096         3.60994
         0.47156         3.60845
         0.47216         3.60697
         0.47276         3.60550
         0.47336         3.60403
         0.47396         3.60257
         0.47456         3.60112
         0.47516         3.59967
         0.47576         3.59823
         0.47636         3.59679
         0.47696         3.59537
         0.47756         3.59395
         0.47816         3.59253
         0.47876         3.59112
         0.47936         3.58972
         0.47996         3.58833
         0.48056         3.58694
         0.48116         3.58556
         0.48176         3.58418
         0.48236         3.58281
         0.48296         3.58145
         0.48356         3.58009
         0.48416         3.57874
         0.48476         3.57740
         0.48536         3.57606
         0.48596         3.57473
         0.48656         3.57341
         0.48716         3.57209
         0.48776         3.57078
         0.48836         3.56947
         0.48896         3.56817
         0.48956         3.56688
         0.49016         3.56559
         0.49076         3.56431
         0.49136         3.56303
         0.49196         3.56176
         0.49256         3.56050
         0.49316         3.55924
         0.49376         3.55799
         0.49436         3.55675
         0.49496         3.55551
         0.49556         3.55427
         0.49616         3.55305
         0.49676         3.55182
         0.49736         3.55061
         0.49796         3.54940
         0.49856         3.54819
         0.49916         3.54700
         0.49976         3.54580
         0.50036         3.54462
         0.50096         3.54344
         0.50156         3.54226
         0.50216         3.54109
         0.50276         3.53993
         0.50336         3.53877
         0.50396         3.53762
         0.50456         3.53647
         0.50516         3.53533
         0.50576         3.53420
