        -1.00000         0.00133
        -0.99860         0.00134
        -0.99720         0.00135
        -0.99580         0.00137
        -0.99440         0.00140
        -0.99300         0.00145
        -0.99160         0.00151
        -0.99020         0.00159
        -0.98880         0.00168
        -0.98740         0.00178
        -0.98600         0.00187
        -0.98460         0.00196
        -0.98320         0.00204
        -0.98180         0.00211
        -0.98040         0.00216
        -0.97900         0.00220
        -0.97760         0.00224
        -0.97620         0.00227
        -0.97480         0.00230
        -0.97340         0.00234
        -0.97200         0.00240
        -0.97060         0.00248
        -0.96920         0.00259
        -0.96780         0.00272
        -0.96640         0.00288
        -0.96500         0.00306
        -0.96360         0.00325
        -0.96220         0.00346
        -0.96080         0.00366
        -0.95940         0.00385
        -0.95800         0.00404
        -0.95660         0.00420
        -0.95520         0.00435
        -0.95380         0.00448
        -0.95240         0.00461
        -0.95101         0.00474
        -0.94961         0.00488
        -0.94821         0.00505
        -0.94681         0.00526
        -0.94541         0.00552
        -0.94401         0.00585
        -0.94261         0.00627
        -0.94121         0.00676
        -0.93981         0.00735
        -0.93841         0.00802
        -0.93701         0.00877
        -0.93561         0.00958
        -0.93421         0.01042
        -0.93281         0.01129
        -0.93141         0.01215
        -0.93001         0.01297
        -0.92861         0.01375
        -0.92721         0.01449
        -0.92581         0.01519
        -0.92441         0.01593
        -0.92301         0.01678
        -0.92161         0.01791
        -0.92021         0.01951
        -0.91881         0.02188
        -0.91741         0.02539
        -0.91601         0.03050
        -0.91461         0.03776
        -0.91321         0.04782
        -0.91181         0.06144
        -0.91041         0.07945
        -0.90901         0.10273
        -0.90761         0.13225
        -0.90621         0.16898
        -0.90481         0.21392
        -0.90341         0.26801
        -0.90201         0.33216
        -0.90061         0.40719
        -0.89921         0.49380
        -0.89781         0.59256
        -0.89641         0.70385
        -0.89501         0.82790
        -0.89361         0.96476
        -0.89221         1.11427
        -0.89081         1.27609
        -0.88941         1.44972
        -0.88801         1.63450
        -0.88661         1.82964
        -0.88521         2.03424
        -0.88381         2.24731
        -0.88241         2.46784
        -0.88101         2.69478
        -0.87961         2.92709
        -0.87821         3.16376
        -0.87681         3.40385
        -0.87541         3.64648
        -0.87401         3.89087
        -0.87261         4.13633
        -0.87121         4.38231
        -0.86981         4.62835
        -0.86841         4.87413
        -0.86701         5.11948
        -0.86561         5.36436
        -0.86421         5.60886
        -0.86281         5.85323
        -0.86141         6.09786
        -0.86001         6.34331
        -0.85861         6.59024
        -0.85721         6.83947
        -0.85581         7.09193
        -0.85442         7.34864
        -0.85302         7.61069
        -0.85162         7.87920
        -0.85022         8.15531
        -0.84882         8.44006
        -0.84742         8.73444
        -0.84602         9.03926
        -0.84462         9.35514
        -0.84322         9.68246
        -0.84182        10.02133
        -0.84042        10.37155
        -0.83902        10.73259
        -0.83762        11.10359
        -0.83622        11.48340
        -0.83482        11.87055
        -0.83342        12.26332
        -0.83202        12.65982
        -0.83062        13.05795
        -0.82922        13.45557
        -0.82782        13.85051
        -0.82642        14.24060
        -0.82502        14.62380
        -0.82362        14.99820
        -0.82222        15.36203
        -0.82082        15.71372
        -0.81942        16.05190
        -0.81802        16.37537
        -0.81662        16.68309
        -0.81522        16.97413
        -0.81382        17.24771
        -0.81242        17.50306
        -0.81102        17.73951
        -0.80962        17.95640
        -0.80822        18.15312
        -0.80682        18.32917
        -0.80542        18.48415
        -0.80402        18.61791
        -0.80262        18.73061
        -0.80122        18.82288
        -0.79982        18.89595
        -0.79842        18.95179
        -0.79702        18.99329
        -0.79562        19.02439
        -0.79422        19.05017
        -0.79282        19.07698
        -0.79142        19.11245
        -0.79002        19.16549
        -0.78862        19.24619
        -0.78722        19.36571
        -0.78582        19.53604
        -0.78442        19.76976
        -0.78302        20.07966
        -0.78162        20.47836
        -0.78022        20.97792
        -0.77882        21.58933
        -0.77742        22.32209
        -0.77602        23.18374
        -0.77462        24.17944
        -0.77322        25.31163
        -0.77182        26.57970
        -0.77042        27.97982
        -0.76902        29.50479
        -0.76762        31.14408
        -0.76622        32.88390
        -0.76482        34.70746
        -0.76342        36.59530
        -0.76202        38.52573
        -0.76062        40.47533
        -0.75922        42.41959
        -0.75783        44.33350
        -0.75643        46.19225
        -0.75503        47.97191
        -0.75363        49.65002
        -0.75223        51.20624
        -0.75083        52.62284
        -0.74943        53.88515
        -0.74803        54.98189
        -0.74663        55.90539
        -0.74523        56.65169
        -0.74383        57.22048
        -0.74243        57.61500
        -0.74103        57.84175
        -0.73963        57.91013
        -0.73823        57.83202
        -0.73683        57.62129
        -0.73543        57.29321
        -0.73403        56.86393
        -0.73263        56.34990
        -0.73123        55.76732
        -0.72983        55.13169
        -0.72843        54.45731
        -0.72703        53.75697
        -0.72563        53.04163
        -0.72423        52.32029
        -0.72283        51.59978
        -0.72143        50.88488
        -0.72003        50.17829
        -0.71863        49.48083
        -0.71723        48.79165
        -0.71583        48.10846
        -0.71443        47.42790
        -0.71303        46.74578
        -0.71163        46.05749
        -0.71023        45.35826
        -0.70883        44.64351
        -0.70743        43.90910
        -0.70603        43.15157
        -0.70463        42.36834
        -0.70323        41.55782
        -0.70183        40.71955
        -0.70043        39.85418
        -0.69903        38.96347
        -0.69763        38.05028
        -0.69623        37.11845
        -0.69483        36.17266
        -0.69343        35.21833
        -0.69203        34.26145
        -0.69063        33.30843
        -0.68923        32.36593
        -0.68783        31.44071
        -0.68643        30.53951
        -0.68503        29.66890
        -0.68363        28.83520
        -0.68223        28.04440
        -0.68083        27.30206
        -0.67943        26.61331
        -0.67803        25.98278
        -0.67663        25.41462
        -0.67523        24.91247
        -0.67383        24.47947
        -0.67243        24.11828
        -0.67103        23.83108
        -0.66963        23.61958
        -0.66823        23.48504
        -0.66683        23.42827
        -0.66543        23.44965
        -0.66403        23.54912
        -0.66263        23.72617
        -0.66124        23.97987
        -0.65984        24.30887
        -0.65844        24.71137
        -0.65704        25.18519
        -0.65564        25.72773
        -0.65424        26.33603
        -0.65284        27.00679
        -0.65144        27.73641
        -0.65004        28.52103
        -0.64864        29.35661
        -0.64724        30.23894
        -0.64584        31.16375
        -0.64444        32.12673
        -0.64304        33.12358
        -0.64164        34.15009
        -0.64024        35.20216
        -0.63884        36.27579
        -0.63744        37.36715
        -0.63604        38.47252
        -0.63464        39.58830
        -0.63324        40.71093
        -0.63184        41.83690
        -0.63044        42.96261
        -0.62904        44.08432
        -0.62764        45.19810
        -0.62624        46.29967
        -0.62484        47.38439
        -0.62344        48.44714
        -0.62204        49.48227
        -0.62064        50.48357
        -0.61924        51.44426
        -0.61784        52.35697
        -0.61644        53.21381
        -0.61504        54.00646
        -0.61364        54.72621
        -0.61224        55.36421
        -0.61084        55.91153
        -0.60944        56.35945
        -0.60804        56.69963
        -0.60664        56.92433
        -0.60524        57.02673
        -0.60384        57.00108
        -0.60244        56.84301
        -0.60104        56.54969
        -0.59964        56.12007
        -0.59824        55.55499
        -0.59684        54.85733
        -0.59544        54.03209
        -0.59404        53.08634
        -0.59264        52.02927
        -0.59124        50.87200
        -0.58984        49.62753
        -0.58844        48.31043
        -0.58704        46.93666
        -0.58564        45.52324
        -0.58424        44.08789
        -0.58284        42.64872
        -0.58144        41.22379
        -0.58004        39.83077
        -0.57864        38.48652
        -0.57724        37.20672
        -0.57584        36.00554
        -0.57444        34.89534
        -0.57304        33.88639
        -0.57164        32.98662
        -0.57024        32.20156
        -0.56884        31.53416
        -0.56744        30.98481
        -0.56604        30.55134
        -0.56465        30.22919
        -0.56325        30.01149
        -0.56185        29.88934
        -0.56045        29.85205
        -0.55905        29.88744
        -0.55765        29.98218
        -0.55625        30.12217
        -0.55485        30.29286
        -0.55345        30.47966
        -0.55205        30.66827
        -0.55065        30.84502
        -0.54925        30.99719
        -0.54785        31.11329
        -0.54645        31.18323
        -0.54505        31.19860
        -0.54365        31.15272
        -0.54225        31.04075
        -0.54085        30.85975
        -0.53945        30.60861
        -0.53805        30.28801
        -0.53665        29.90031
        -0.53525        29.44941
        -0.53385        28.94057
        -0.53245        28.38016
        -0.53105        27.77555
        -0.52965        27.13476
        -0.52825        26.46630
        -0.52685        25.77894
        -0.52545        25.08147
        -0.52405        24.38249
        -0.52265        23.69026
        -0.52125        23.01251
        -0.51985        22.35632
        -0.51845        21.72803
        -0.51705        21.13314
        -0.51565        20.57625
        -0.51425        20.06108
        -0.51285        19.59045
        -0.51145        19.16630
        -0.51005        18.78973
        -0.50865        18.46109
        -0.50725        18.18002
        -0.50585        17.94557
        -0.50445        17.75623
        -0.50305        17.61006
        -0.50165        17.50479
        -0.50025        17.43784
        -0.49885        17.40647
        -0.49745        17.40779
        -0.49605        17.43886
        -0.49465        17.49672
        -0.49325        17.57842
        -0.49185        17.68107
        -0.49045        17.80186
        -0.48905        17.93807
        -0.48765        18.08705
        -0.48625        18.24628
        -0.48485        18.41329
        -0.48345        18.58573
        -0.48205        18.76131
        -0.48065        18.93782
        -0.47925        19.11312
        -0.47785        19.28512
        -0.47645        19.45180
        -0.47505        19.61121
        -0.47365        19.76148
        -0.47225        19.90080
        -0.47085        20.02750
        -0.46945        20.13997
        -0.46805        20.23676
        -0.46666        20.31657
        -0.46526        20.37827
        -0.46386        20.42089
        -0.46246        20.44371
        -0.46106        20.44619
        -0.45966        20.42805
        -0.45826        20.38923
        -0.45686        20.32993
        -0.45546        20.25060
        -0.45406        20.15191
        -0.45266        20.03479
        -0.45126        19.90038
        -0.44986        19.75002
        -0.44846        19.58523
        -0.44706        19.40768
        -0.44566        19.21918
        -0.44426        19.02164
        -0.44286        18.81702
        -0.44146        18.60734
        -0.44006        18.39460
        -0.43866        18.18081
        -0.43726        17.96787
        -0.43586        17.75766
        -0.43446        17.55192
        -0.43306        17.35225
        -0.43166        17.16014
        -0.43026        16.97689
        -0.42886        16.80364
        -0.42746        16.64135
        -0.42606        16.49080
        -0.42466        16.35256
        -0.42326        16.22706
        -0.42186        16.11451
        -0.42046        16.01497
        -0.41906        15.92834
        -0.41766        15.85437
        -0.41626        15.79268
        -0.41486        15.74275
        -0.41346        15.70399
        -0.41206        15.67568
        -0.41066        15.65706
        -0.40926        15.64728
        -0.40786        15.64549
        -0.40646        15.65076
        -0.40506        15.66219
        -0.40366        15.67884
        -0.40226        15.69981
        -0.40086        15.72418
        -0.39946        15.75111
        -0.39806        15.77974
        -0.39666        15.80929
        -0.39526        15.83902
        -0.39386        15.86822
        -0.39246        15.89625
        -0.39106        15.92254
        -0.38966        15.94655
        -0.38826        15.96782
        -0.38686        15.98594
        -0.38546        16.00056
        -0.38406        16.01138
        -0.38266        16.01817
        -0.38126        16.02074
        -0.37986        16.01896
        -0.37846        16.01275
        -0.37706        16.00208
        -0.37566        15.98695
        -0.37426        15.96741
        -0.37286        15.94357
        -0.37146        15.91555
        -0.37007        15.88351
        -0.36867        15.84764
        -0.36727        15.80817
        -0.36587        15.76533
        -0.36447        15.71939
        -0.36307        15.67062
        -0.36167        15.61930
        -0.36027        15.56573
        -0.35887        15.51020
        -0.35747        15.45301
        -0.35607        15.39444
        -0.35467        15.33476
        -0.35327        15.27423
        -0.35187        15.21310
        -0.35047        15.15159
        -0.34907        15.08990
        -0.34767        15.02819
        -0.34627        14.96662
        -0.34487        14.90531
        -0.34347        14.84434
        -0.34207        14.78379
        -0.34067        14.72370
        -0.33927        14.66408
        -0.33787        14.60494
        -0.33647        14.54626
        -0.33507        14.48801
        -0.33367        14.43015
        -0.33227        14.37265
        -0.33087        14.31544
        -0.32947        14.25849
        -0.32807        14.20175
        -0.32667        14.14520
        -0.32527        14.08879
        -0.32387        14.03253
        -0.32247        13.97639
        -0.32107        13.92038
        -0.31967        13.86451
        -0.31827        13.80879
        -0.31687        13.75324
        -0.31547        13.69789
        -0.31407        13.64274
        -0.31267        13.58782
        -0.31127        13.53314
        -0.30987        13.47870
        -0.30847        13.42449
        -0.30707        13.37050
        -0.30567        13.31670
        -0.30427        13.26305
        -0.30287        13.20953
        -0.30147        13.15608
        -0.30007        13.10267
        -0.29867        13.04927
        -0.29727        12.99587
        -0.29587        12.94246
        -0.29447        12.88908
        -0.29307        12.83577
        -0.29167        12.78263
        -0.29027        12.72980
        -0.28887        12.67743
        -0.28747        12.62575
        -0.28607        12.57500
        -0.28467        12.52547
        -0.28327        12.47748
        -0.28187        12.43136
        -0.28047        12.38747
        -0.27907        12.34615
        -0.27767        12.30773
        -0.27627        12.27253
        -0.27487        12.24081
        -0.27348        12.21276
        -0.27208        12.18853
        -0.27068        12.16817
        -0.26928        12.15165
        -0.26788        12.13882
        -0.26648        12.12945
        -0.26508        12.12323
        -0.26368        12.11974
        -0.26228        12.11851
        -0.26088        12.11901
        -0.25948        12.12069
        -0.25808        12.12303
        -0.25668        12.12552
        -0.25528        12.12778
        -0.25388        12.12953
        -0.25248        12.13069
        -0.25108        12.13141
        -0.24968        12.13209
        -0.24828        12.13348
        -0.24688        12.13665
        -0.24548        12.14309
        -0.24408        12.15468
        -0.24268        12.17375
        -0.24128        12.20302
        -0.23988        12.24567
        -0.23848        12.30526
        -0.23708        12.38571
        -0.23568        12.49123
        -0.23428        12.62630
        -0.23288        12.79552
        -0.23148        13.00360
        -0.23008        13.25517
        -0.22868        13.55473
        -0.22728        13.90650
        -0.22588        14.31427
        -0.22448        14.78135
        -0.22308        15.31034
        -0.22168        15.90311
        -0.22028        16.56060
        -0.21888        17.28278
        -0.21748        18.06854
        -0.21608        18.91562
        -0.21468        19.82055
        -0.21328        20.77866
        -0.21188        21.78404
        -0.21048        22.82960
        -0.20908        23.90709
        -0.20768        25.00719
        -0.20628        26.11961
        -0.20488        27.23323
        -0.20348        28.33624
        -0.20208        29.41630
        -0.20068        30.46075
        -0.19928        31.45678
        -0.19788        32.39167
        -0.19648        33.25298
        -0.19508        34.02876
        -0.19368        34.70780
        -0.19228        35.27978
        -0.19088        35.73550
        -0.18948        36.06699
        -0.18808        36.26775
        -0.18668        36.33280
        -0.18528        36.25878
        -0.18388        36.04408
        -0.18248        35.68879
        -0.18108        35.19477
        -0.17968        34.56561
        -0.17828        33.80654
        -0.17689        32.92437
        -0.17549        31.92736
        -0.17409        30.82508
        -0.17269        29.62825
        -0.17129        28.34857
        -0.16989        26.99847
        -0.16849        25.59097
        -0.16709        24.13942
        -0.16569        22.65731
        -0.16429        21.15806
        -0.16289        19.65477
        -0.16149        18.16010
        -0.16009        16.68605
        -0.15869        15.24380
        -0.15729        13.84358
        -0.15589        12.49456
        -0.15449        11.20477
        -0.15309         9.98099
        -0.15169         8.82875
        -0.15029         7.75232
        -0.14889         6.75470
        -0.14749         5.83764
        -0.14609         5.00173
        -0.14469         4.24647
        -0.14329         3.57031
        -0.14189         2.97082
        -0.14049         2.44477
        -0.13909         1.98823
        -0.13769         1.59675
        -0.13629         1.26543
        -0.13489         0.98907
        -0.13349         0.76232
        -0.13209         0.57972
        -0.13069         0.43589
        -0.12929         0.32555
        -0.12789         0.24367
        -0.12649         0.18547
        -0.12509         0.14654
        -0.12369         0.12286
        -0.12229         0.11081
        -0.12089         0.10723
        -0.11949         0.10938
        -0.11809         0.11496
        -0.11669         0.12212
        -0.11529         0.12938
        -0.11389         0.13563
        -0.11249         0.14012
        -0.11109         0.14235
        -0.10969         0.14212
        -0.10829         0.13940
        -0.10689         0.13436
        -0.10549         0.12727
        -0.10409         0.11850
        -0.10269         0.10847
        -0.10129         0.09764
        -0.09989         0.08643
        -0.09849         0.07526
        -0.09709         0.06450
        -0.09569         0.05446
        -0.09429         0.04540
        -0.09289         0.03749
        -0.09149         0.03084
        -0.09009         0.02551
        -0.08869         0.02147
        -0.08729         0.01866
        -0.08589         0.01697
        -0.08449         0.01626
        -0.08309         0.01636
        -0.08169         0.01709
        -0.08030         0.01826
        -0.07890         0.01970
        -0.07750         0.02124
        -0.07610         0.02273
        -0.07470         0.02404
        -0.07330         0.02507
        -0.07190         0.02576
        -0.07050         0.02605
        -0.06910         0.02592
        -0.06770         0.02539
        -0.06630         0.02448
        -0.06490         0.02324
        -0.06350         0.02173
        -0.06210         0.02000
        -0.06070         0.01815
        -0.05930         0.01624
        -0.05790         0.01435
        -0.05650         0.01254
        -0.05510         0.01087
        -0.05370         0.00938
        -0.05230         0.00812
        -0.05090         0.00710
        -0.04950         0.00634
        -0.04810         0.00583
        -0.04670         0.00556
        -0.04530         0.00550
        -0.04390         0.00563
        -0.04250         0.00591
        -0.04110         0.00630
        -0.03970         0.00676
        -0.03830         0.00726
        -0.03690         0.00774
        -0.03550         0.00819
        -0.03410         0.00857
        -0.03270         0.00885
        -0.03130         0.00903
        -0.02990         0.00910
        -0.02850         0.00904
        -0.02710         0.00887
        -0.02570         0.00860
        -0.02430         0.00823
        -0.02290         0.00779
        -0.02150         0.00730
        -0.02010         0.00678
        -0.01870         0.00625
        -0.01730         0.00573
        -0.01590         0.00524
        -0.01450         0.00480
        -0.01310         0.00442
        -0.01170         0.00412
        -0.01030         0.00389
        -0.00890         0.00375
        -0.00750         0.00368
        -0.00610         0.00369
        -0.00470         0.00378
        -0.00330         0.00392
        -0.00190         0.00411
        -0.00050         0.00435
         0.00090         0.00461
         0.00230         0.00489
         0.00370         0.00517
         0.00510         0.00544
         0.00650         0.00570
         0.00790         0.00594
         0.00930         0.00615
         0.01070         0.00634
         0.01210         0.00649
         0.01350         0.00661
         0.01490         0.00670
         0.01629         0.00677
         0.01769         0.00681
         0.01909         0.00684
         0.02049         0.00685
         0.02189         0.00685
         0.02329         0.00685
         0.02469         0.00685
         0.02609         0.00686
         0.02749         0.00688
         0.02889         0.00693
         0.03029         0.00700
         0.03169         0.00712
         0.03309         0.00729
         0.03449         0.00753
         0.03589         0.00787
         0.03729         0.00832
         0.03869         0.00892
         0.04009         0.00970
         0.04149         0.01072
         0.04289         0.01202
         0.04429         0.01366
         0.04569         0.01570
         0.04709         0.01823
         0.04849         0.02133
         0.04989         0.02509
         0.05129         0.02960
         0.05269         0.03497
         0.05409         0.04131
         0.05549         0.04874
         0.05689         0.05737
         0.05829         0.06732
         0.05969         0.07871
         0.06109         0.09166
         0.06249         0.10629
         0.06389         0.12271
         0.06529         0.14102
         0.06669         0.16133
         0.06809         0.18371
         0.06949         0.20825
         0.07089         0.23502
         0.07229         0.26406
         0.07369         0.29542
         0.07509         0.32911
         0.07649         0.36516
         0.07789         0.40355
         0.07929         0.44425
         0.08069         0.48724
         0.08209         0.53245
         0.08349         0.57980
         0.08489         0.62923
         0.08629         0.68062
         0.08769         0.73387
         0.08909         0.78885
         0.09049         0.84543
         0.09189         0.90347
         0.09329         0.96281
         0.09469         1.02330
         0.09609         1.08478
         0.09749         1.14709
         0.09889         1.21006
         0.10029         1.27354
         0.10169         1.33736
         0.10309         1.40137
         0.10449         1.46541
         0.10589         1.52935
         0.10729         1.59306
         0.10869         1.65639
         0.11009         1.71925
         0.11149         1.78151
         0.11288         1.84310
         0.11428         1.90392
         0.11568         1.96390
         0.11708         2.02299
         0.11848         2.08115
         0.11988         2.13833
         0.12128         2.19451
         0.12268         2.24969
         0.12408         2.30385
         0.12548         2.35702
         0.12688         2.40920
         0.12828         2.46042
         0.12968         2.51071
         0.13108         2.56011
         0.13248         2.60866
         0.13388         2.65641
         0.13528         2.70341
         0.13668         2.74971
         0.13808         2.79537
         0.13948         2.84044
         0.14088         2.88497
         0.14228         2.92903
         0.14368         2.97265
         0.14508         3.01589
         0.14648         3.05881
         0.14788         3.10144
         0.14928         3.14383
         0.15068         3.18602
         0.15208         3.22804
         0.15348         3.26994
         0.15488         3.31174
         0.15628         3.35347
         0.15768         3.39515
         0.15908         3.43682
         0.16048         3.47848
         0.16188         3.52016
         0.16328         3.56188
         0.16468         3.60364
         0.16608         3.64547
         0.16748         3.68737
         0.16888         3.72935
         0.17028         3.77143
         0.17168         3.81361
         0.17308         3.85589
         0.17448         3.89829
         0.17588         3.94082
         0.17728         3.98347
         0.17868         4.02627
         0.18008         4.06921
         0.18148         4.11230
         0.18288         4.15556
         0.18428         4.19899
         0.18568         4.24261
         0.18708         4.28642
         0.18848         4.33044
         0.18988         4.37470
         0.19128         4.41919
         0.19268         4.46395
         0.19408         4.50899
         0.19548         4.55434
         0.19688         4.60002
         0.19828         4.64605
         0.19968         4.69246
         0.20108         4.73928
         0.20248         4.78654
         0.20388         4.83425
         0.20528         4.88246
         0.20668         4.93119
         0.20808         4.98046
         0.20947         5.03029
         0.21087         5.08072
         0.21227         5.13176
         0.21367         5.18343
         0.21507         5.23574
         0.21647         5.28871
         0.21787         5.34235
         0.21927         5.39667
         0.22067         5.45167
         0.22207         5.50735
         0.22347         5.56373
         0.22487         5.62080
         0.22627         5.67857
         0.22767         5.73705
         0.22907         5.79625
         0.23047         5.85619
         0.23187         5.91690
         0.23327         5.97840
         0.23467         6.04075
         0.23607         6.10399
         0.23747         6.16820
         0.23887         6.23345
         0.24027         6.29986
         0.24167         6.36753
         0.24307         6.43660
         0.24447         6.50722
         0.24587         6.57955
         0.24727         6.65378
         0.24867         6.73009
         0.25007         6.80869
         0.25147         6.88981
         0.25287         6.97366
         0.25427         7.06047
         0.25567         7.15046
         0.25707         7.24384
         0.25847         7.34083
         0.25987         7.44161
         0.26127         7.54635
         0.26267         7.65518
         0.26407         7.76821
         0.26547         7.88550
         0.26687         8.00708
         0.26827         8.13290
         0.26967         8.26289
         0.27107         8.39690
         0.27247         8.53471
         0.27387         8.67604
         0.27527         8.82056
         0.27667         8.96784
         0.27807         9.11741
         0.27947         9.26870
         0.28087         9.42110
         0.28227         9.57394
         0.28367         9.72646
         0.28507         9.87788
         0.28647        10.02736
         0.28787        10.17403
         0.28927        10.31699
         0.29067        10.45530
         0.29207        10.58803
         0.29347        10.71426
         0.29487        10.83307
         0.29627        10.94354
         0.29767        11.04483
         0.29907        11.13610
         0.30047        11.21661
         0.30187        11.28565
         0.30327        11.34259
         0.30467        11.38690
         0.30606        11.41813
         0.30746        11.43593
         0.30886        11.44004
         0.31026        11.43033
         0.31166        11.40676
         0.31306        11.36940
         0.31446        11.31844
         0.31586        11.25416
         0.31726        11.17697
         0.31866        11.08735
         0.32006        10.98589
         0.32146        10.87325
         0.32286        10.75020
         0.32426        10.61754
         0.32566        10.47616
         0.32706        10.32698
         0.32846        10.17097
         0.32986        10.00911
         0.33126         9.84243
         0.33266         9.67193
         0.33406         9.49862
         0.33546         9.32351
         0.33686         9.14756
         0.33826         8.97171
         0.33966         8.79687
         0.34106         8.62389
         0.34246         8.45356
         0.34386         8.28662
         0.34526         8.12375
         0.34666         7.96557
         0.34806         7.81260
         0.34946         7.66534
         0.35086         7.52419
         0.35226         7.38949
         0.35366         7.26151
         0.35506         7.14046
         0.35646         7.02650
         0.35786         6.91972
         0.35926         6.82017
         0.36066         6.72785
         0.36206         6.64270
         0.36346         6.56465
         0.36486         6.49357
         0.36626         6.42932
         0.36766         6.37173
         0.36906         6.32060
         0.37046         6.27573
         0.37186         6.23690
         0.37326         6.20388
         0.37466         6.17643
         0.37606         6.15431
         0.37746         6.13727
         0.37886         6.12508
         0.38026         6.11749
         0.38166         6.11424
         0.38306         6.11512
         0.38446         6.11987
         0.38586         6.12825
         0.38726         6.14004
         0.38866         6.15501
         0.39006         6.17292
         0.39146         6.19354
         0.39286         6.21666
         0.39426         6.24204
         0.39566         6.26947
         0.39706         6.29873
         0.39846         6.32960
         0.39986         6.36186
         0.40126         6.39531
         0.40266         6.42974
         0.40405         6.46495
         0.40545         6.50075
         0.40685         6.53695
         0.40825         6.57338
         0.40965         6.60986
         0.41105         6.64625
         0.41245         6.68239
         0.41385         6.71817
         0.41525         6.75346
         0.41665         6.78817
         0.41805         6.82222
         0.41945         6.85554
         0.42085         6.88808
         0.42225         6.91982
         0.42365         6.95073
         0.42505         6.98084
         0.42645         7.01015
         0.42785         7.03871
         0.42925         7.06656
         0.43065         7.09378
         0.43205         7.12043
         0.43345         7.14662
         0.43485         7.17242
         0.43625         7.19795
         0.43765         7.22331
         0.43905         7.24862
         0.44045         7.27397
         0.44185         7.29948
         0.44325         7.32527
         0.44465         7.35141
         0.44605         7.37802
         0.44745         7.40517
         0.44885         7.43294
         0.45025         7.46139
         0.45165         7.49057
         0.45305         7.52052
         0.45445         7.55127
         0.45585         7.58281
         0.45725         7.61516
         0.45865         7.64827
         0.46005         7.68213
         0.46145         7.71669
         0.46285         7.75187
         0.46425         7.78761
         0.46565         7.82382
         0.46705         7.86040
         0.46845         7.89725
         0.46985         7.93426
         0.47125         7.97129
         0.47265         8.00824
         0.47405         8.04497
         0.47545         8.08134
         0.47685         8.11724
         0.47825         8.15253
         0.47965         8.18708
         0.48105         8.22079
         0.48245         8.25352
         0.48385         8.28519
         0.48525         8.31568
         0.48665         8.34493
         0.48805         8.37284
         0.48945         8.39937
         0.49085         8.42446
         0.49225         8.44808
         0.49365         8.47021
         0.49505         8.49086
         0.49645         8.51004
         0.49785         8.52777
         0.49925         8.54410
         0.50064         8.55910
         0.50204         8.57285
         0.50344         8.58543
         0.50484         8.59695
         0.50624         8.60753
         0.50764         8.61730
         0.50904         8.62640
         0.51044         8.63499
         0.51184         8.64321
         0.51324         8.65124
         0.51464         8.65925
         0.51604         8.66739
         0.51744         8.67586
         0.51884         8.68481
         0.52024         8.69442
         0.52164         8.70486
         0.52304         8.71627
         0.52444         8.72881
         0.52584         8.74262
         0.52724         8.75783
         0.52864         8.77456
         0.53004         8.79293
         0.53144         8.81301
         0.53284         8.83490
         0.53424         8.85864
         0.53564         8.88431
         0.53704         8.91192
         0.53844         8.94150
         0.53984         8.97305
         0.54124         9.00657
         0.54264         9.04203
         0.54404         9.07940
         0.54544         9.11863
         0.54684         9.15967
         0.54824         9.20244
         0.54964         9.24687
         0.55104         9.29289
         0.55244         9.34041
         0.55384         9.38933
         0.55524         9.43956
         0.55664         9.49100
         0.55804         9.54357
         0.55944         9.59715
         0.56084         9.65166
         0.56224         9.70701
         0.56364         9.76310
         0.56504         9.81985
         0.56644         9.87717
         0.56784         9.93498
         0.56924         9.99321
         0.57064        10.05179
         0.57204        10.11064
         0.57344        10.16971
         0.57484        10.22892
         0.57624        10.28823
         0.57764        10.34757
         0.57904        10.40687
         0.58044        10.46610
         0.58184        10.52519
         0.58324        10.58407
         0.58464        10.64269
         0.58604        10.70099
         0.58744        10.75890
         0.58884        10.81636
         0.59024        10.87328
         0.59164        10.92959
         0.59304        10.98522
         0.59444        11.04008
         0.59584        11.09409
         0.59723        11.14715
         0.59863        11.19918
         0.60003        11.25008
         0.60143        11.29978
         0.60283        11.34817
         0.60423        11.39517
         0.60563        11.44071
         0.60703        11.48471
         0.60843        11.52709
         0.60983        11.56782
         0.61123        11.60684
         0.61263        11.64411
         0.61403        11.67963
         0.61543        11.71340
         0.61683        11.74542
         0.61823        11.77574
         0.61963        11.80441
         0.62103        11.83152
         0.62243        11.85715
         0.62383        11.88143
         0.62523        11.90450
         0.62663        11.92652
         0.62803        11.94767
         0.62943        11.96816
         0.63083        11.98819
         0.63223        12.00801
         0.63363        12.02785
         0.63503        12.04798
         0.63643        12.06864
         0.63783        12.09013
         0.63923        12.11270
         0.64063        12.13663
         0.64203        12.16218
         0.64343        12.18961
         0.64483        12.21918
         0.64623        12.25113
         0.64763        12.28567
         0.64903        12.32302
         0.65043        12.36336
         0.65183        12.40687
         0.65323        12.45370
         0.65463        12.50398
         0.65603        12.55783
         0.65743        12.61532
         0.65883        12.67655
         0.66023        12.74156
         0.66163        12.81040
         0.66303        12.88311
         0.66443        12.95971
         0.66583        13.04022
         0.66723        13.12467
         0.66863        13.21306
         0.67003        13.30544
         0.67143        13.40184
         0.67283        13.50231
         0.67423        13.60692
         0.67563        13.71574
         0.67703        13.82888
         0.67843        13.94648
         0.67983        14.06867
         0.68123        14.19564
         0.68263        14.32757
         0.68403        14.46468
         0.68543        14.60720
         0.68683        14.75539
         0.68823        14.90951
         0.68963        15.06983
         0.69103        15.23662
         0.69243        15.41015
         0.69382        15.59069
         0.69522        15.77849
         0.69662        15.97377
         0.69802        16.17675
         0.69942        16.38757
         0.70082        16.60638
         0.70222        16.83326
         0.70362        17.06823
         0.70502        17.31129
         0.70642        17.56234
         0.70782        17.82125
         0.70922        18.08781
         0.71062        18.36174
         0.71202        18.64272
         0.71342        18.93034
         0.71482        19.22414
         0.71622        19.52359
         0.71762        19.82811
         0.71902        20.13708
         0.72042        20.44980
         0.72182        20.76557
         0.72322        21.08362
         0.72462        21.40318
         0.72602        21.72342
         0.72742        22.04353
         0.72882        22.36268
         0.73022        22.68003
         0.73162        22.99475
         0.73302        23.30601
         0.73442        23.61302
         0.73582        23.91498
         0.73722        24.21113
         0.73862        24.50074
         0.74002        24.78312
         0.74142        25.05759
         0.74282        25.32354
         0.74422        25.58037
         0.74562        25.82756
         0.74702        26.06461
         0.74842        26.29107
         0.74982        26.50657
         0.75122        26.71077
         0.75262        26.90339
         0.75402        27.08422
         0.75542        27.25312
         0.75682        27.41001
         0.75822        27.55490
         0.75962        27.68788
         0.76102        27.80913
         0.76242        27.91891
         0.76382        28.01759
         0.76522        28.10566
         0.76662        28.18371
         0.76802        28.25244
         0.76942        28.31268
         0.77082        28.36539
         0.77222        28.41165
         0.77362        28.45266
         0.77502        28.48975
         0.77642        28.52437
         0.77782        28.55806
         0.77922        28.59248
         0.78062        28.62937
         0.78202        28.67055
         0.78342        28.71788
         0.78482        28.77325
         0.78622        28.83856
         0.78762        28.91569
         0.78902        29.00645
         0.79041        29.11259
         0.79181        29.23573
         0.79321        29.37734
         0.79461        29.53870
         0.79601        29.72087
         0.79741        29.92466
         0.79881        30.15059
         0.80021        30.39886
         0.80161        30.66934
         0.80301        30.96151
         0.80441        31.27449
         0.80581        31.60698
         0.80721        31.95728
         0.80861        32.32327
         0.81001        32.70243
         0.81141        33.09186
         0.81281        33.48825
         0.81421        33.88794
         0.81561        34.28697
         0.81701        34.68106
         0.81841        35.06570
         0.81981        35.43619
         0.82121        35.78767
         0.82261        36.11523
         0.82401        36.41389
         0.82541        36.67875
         0.82681        36.90501
         0.82821        37.08803
         0.82961        37.22342
         0.83101        37.30710
         0.83241        37.33534
         0.83381        37.30484
         0.83521        37.21278
         0.83661        37.05686
         0.83801        36.83531
         0.83941        36.54700
         0.84081        36.19140
         0.84221        35.76859
         0.84361        35.27932
         0.84501        34.72497
         0.84641        34.10755
         0.84781        33.42967
         0.84921        32.69451
         0.85061        31.90583
         0.85201        31.06784
         0.85341        30.18523
         0.85481        29.26306
         0.85621        28.30674
         0.85761        27.32192
         0.85901        26.31445
         0.86041        25.29031
         0.86181        24.25551
         0.86321        23.21606
         0.86461        22.17786
         0.86601        21.14668
         0.86741        20.12805
         0.86881        19.12722
         0.87021        18.14912
         0.87161        17.19831
         0.87301        16.27892
         0.87441        15.39463
         0.87581        14.54864
         0.87721        13.74367
         0.87861        12.98195
         0.88001        12.26516
         0.88141        11.59452
         0.88281        10.97075
         0.88421        10.39409
         0.88561         9.86434
         0.88700         9.38087
         0.88840         8.94268
         0.88980         8.54843
         0.89120         8.19643
         0.89260         7.88477
         0.89400         7.61128
         0.89540         7.37365
         0.89680         7.16940
         0.89820         6.99596
         0.89960         6.85072
         0.90100         6.73105
         0.90240         6.63433
         0.90380         6.55800
         0.90520         6.49958
         0.90660         6.45671
         0.90800         6.42712
         0.90940         6.40872
         0.91080         6.39957
         0.91220         6.39788
         0.91360         6.40205
         0.91500         6.41064
         0.91640         6.42240
         0.91780         6.43623
         0.91920         6.45121
         0.92060         6.46657
         0.92200         6.48167
         0.92340         6.49603
         0.92480         6.50927
         0.92620         6.52112
         0.92760         6.53141
         0.92900         6.54005
         0.93040         6.54701
         0.93180         6.55232
         0.93320         6.55605
         0.93460         6.55832
         0.93600         6.55925
         0.93740         6.55899
         0.93880         6.55769
         0.94020         6.55550
         0.94160         6.55257
         0.94300         6.54905
         0.94440         6.54505
         0.94580         6.54071
         0.94720         6.53612
         0.94860         6.53136
         0.95000         6.52652
         0.95140         6.52166
         0.95280         6.51681
         0.95420         6.51201
         0.95560         6.50728
         0.95700         6.50264
         0.95840         6.49809
         0.95980         6.49362
         0.96120         6.48923
         0.96260         6.48490
         0.96400         6.48061
         0.96540         6.47634
         0.96680         6.47206
         0.96820         6.46774
         0.96960         6.46335
         0.97100         6.45885
         0.97240         6.45422
         0.97380         6.44940
         0.97520         6.44436
         0.97660         6.43906
         0.97800         6.43344
         0.97940         6.42747
         0.98080         6.42109
         0.98220         6.41426
         0.98359         6.40692
         0.98499         6.39902
         0.98639         6.39052
         0.98779         6.38136
         0.98919         6.37149
         0.99059         6.36088
         0.99199         6.34948
         0.99339         6.33726
         0.99479         6.32418
         0.99619         6.31021
         0.99759         6.29532
         0.99899         6.27952
         1.00039         6.26277
         1.00179         6.24508
         1.00319         6.22645
         1.00459         6.20688
         1.00599         6.18639
         1.00739         6.16500
         1.00879         6.14272
         1.01019         6.11959
         1.01159         6.09563
         1.01299         6.07088
         1.01439         6.04538
         1.01579         6.01916
         1.01719         5.99228
         1.01859         5.96477
         1.01999         5.93667
         1.02139         5.90804
         1.02279         5.87891
         1.02419         5.84935
         1.02559         5.81938
         1.02699         5.78907
         1.02839         5.75847
         1.02979         5.72762
         1.03119         5.69657
         1.03259         5.66539
         1.03399         5.63412
         1.03539         5.60283
         1.03679         5.57158
         1.03819         5.54043
         1.03959         5.50945
         1.04099         5.47870
         1.04239         5.44826
         1.04379         5.41820
         1.04519         5.38859
         1.04659         5.35951
         1.04799         5.33105
         1.04939         5.30327
         1.05079         5.27625
         1.05219         5.25007
         1.05359         5.22480
         1.05499         5.20051
         1.05639         5.17727
         1.05779         5.15514
         1.05919         5.13417
         1.06059         5.11441
         1.06199         5.09591
         1.06339         5.07870
         1.06479         5.06281
         1.06619         5.04825
         1.06759         5.03504
         1.06899         5.02317
         1.07039         5.01264
         1.07179         5.00343
         1.07319         4.99552
         1.07459         4.98888
         1.07599         4.98346
         1.07739         4.97922
         1.07879         4.97612
         1.08018         4.97409
         1.08158         4.97309
         1.08298         4.97304
         1.08438         4.97389
         1.08578         4.97557
         1.08718         4.97801
         1.08858         4.98116
         1.08998         4.98494
         1.09138         4.98930
         1.09278         4.99418
         1.09418         4.99952
         1.09558         5.00528
         1.09698         5.01139
         1.09838         5.01782
         1.09978         5.02453
         1.10118         5.03148
         1.10258         5.03864
         1.10398         5.04599
         1.10538         5.05350
         1.10678         5.06115
         1.10818         5.06894
         1.10958         5.07685
         1.11098         5.08488
         1.11238         5.09302
         1.11378         5.10128
         1.11518         5.10967
         1.11658         5.11819
         1.11798         5.12685
         1.11938         5.13568
         1.12078         5.14468
         1.12218         5.15387
         1.12358         5.16328
         1.12498         5.17293
         1.12638         5.18284
         1.12778         5.19304
         1.12918         5.20355
         1.13058         5.21441
         1.13198         5.22565
         1.13338         5.23729
         1.13478         5.24937
         1.13618         5.26191
         1.13758         5.27497
         1.13898         5.28856
         1.14038         5.30273
         1.14178         5.31751
         1.14318         5.33296
         1.14458         5.34910
         1.14598         5.36599
         1.14738         5.38367
         1.14878         5.40221
         1.15018         5.42164
         1.15158         5.44203
         1.15298         5.46344
         1.15438         5.48594
         1.15578         5.50959
         1.15718         5.53447
         1.15858         5.56064
         1.15998         5.58818
         1.16138         5.61717
         1.16278         5.64768
         1.16418         5.67978
         1.16558         5.71355
         1.16698         5.74904
         1.16838         5.78633
         1.16978         5.82545
         1.17118         5.86646
         1.17258         5.90939
         1.17398         5.95425
         1.17538         6.00106
         1.17677         6.04982
         1.17817         6.10050
         1.17957         6.15308
         1.18097         6.20751
         1.18237         6.26374
         1.18377         6.32171
         1.18517         6.38136
         1.18657         6.44261
         1.18797         6.50542
         1.18937         6.56973
         1.19077         6.63550
         1.19217         6.70274
         1.19357         6.77147
         1.19497         6.84175
         1.19637         6.91370
         1.19777         6.98751
         1.19917         7.06343
         1.20057         7.14177
         1.20197         7.22297
         1.20337         7.30752
         1.20477         7.39605
         1.20617         7.48928
         1.20757         7.58804
         1.20897         7.69329
         1.21037         7.80609
         1.21177         7.92762
         1.21317         8.05916
         1.21457         8.20211
         1.21597         8.35793
         1.21737         8.52818
         1.21877         8.71447
         1.22017         8.91844
         1.22157         9.14176
         1.22297         9.38610
         1.22437         9.65308
         1.22577         9.94426
         1.22717        10.26111
         1.22857        10.60499
         1.22997        10.97706
         1.23137        11.37833
         1.23277        11.80956
         1.23417        12.27128
         1.23557        12.76371
         1.23697        13.28678
         1.23837        13.84008
         1.23977        14.42284
         1.24117        15.03393
         1.24257        15.67182
         1.24397        16.33460
         1.24537        17.01998
         1.24677        17.72526
         1.24817        18.44740
         1.24957        19.18297
         1.25097        19.92822
         1.25237        20.67908
         1.25377        21.43123
         1.25517        22.18010
         1.25657        22.92092
         1.25797        23.64880
         1.25937        24.35874
         1.26077        25.04573
         1.26217        25.70476
         1.26357        26.33089
         1.26497        26.91935
         1.26637        27.46553
         1.26777        27.96508
         1.26917        28.41396
         1.27057        28.80847
         1.27197        29.14532
         1.27337        29.42164
         1.27476        29.63505
         1.27616        29.78365
         1.27756        29.86608
         1.27896        29.88152
         1.28036        29.82968
         1.28176        29.71084
         1.28316        29.52579
         1.28456        29.27587
         1.28596        28.96292
         1.28736        28.58926
         1.28876        28.15765
         1.29016        27.67126
         1.29156        27.13363
         1.29296        26.54862
         1.29436        25.92035
         1.29576        25.25316
         1.29716        24.55157
         1.29856        23.82018
         1.29996        23.06368
         1.30136        22.28674
         1.30276        21.49402
         1.30416        20.69005
         1.30556        19.87925
         1.30696        19.06587
         1.30836        18.25393
         1.30976        17.44724
         1.31116        16.64931
         1.31256        15.86340
         1.31396        15.09244
         1.31536        14.33907
         1.31676        13.60561
         1.31816        12.89405
         1.31956        12.20609
         1.32096        11.54311
         1.32236        10.90620
         1.32376        10.29618
         1.32516         9.71361
         1.32656         9.15881
         1.32796         8.63186
         1.32936         8.13266
         1.33076         7.66096
         1.33216         7.21630
         1.33356         6.79815
         1.33496         6.40583
         1.33636         6.03860
         1.33776         5.69562
         1.33916         5.37604
         1.34056         5.07893
         1.34196         4.80337
         1.34336         4.54842
         1.34476         4.31314
         1.34616         4.09658
         1.34756         3.89782
         1.34896         3.71597
         1.35036         3.55013
         1.35176         3.39945
         1.35316         3.26308
         1.35456         3.14022
         1.35596         3.03007
         1.35736         2.93186
         1.35876         2.84486
         1.36016         2.76832
         1.36156         2.70154
         1.36296         2.64383
         1.36436         2.59452
         1.36576         2.55294
         1.36716         2.51847
         1.36856         2.49047
         1.36996         2.46836
         1.37135         2.45154
         1.37275         2.43946
         1.37415         2.43158
         1.37555         2.42742
         1.37695         2.42648
         1.37835         2.42832
         1.37975         2.43254
         1.38115         2.43877
         1.38255         2.44666
         1.38395         2.45592
         1.38535         2.46630
         1.38675         2.47756
         1.38815         2.48953
         1.38955         2.50207
         1.39095         2.51505
         1.39235         2.52841
         1.39375         2.54210
         1.39515         2.55609
         1.39655         2.57038
         1.39795         2.58499
         1.39935         2.59996
         1.40075         2.61532
         1.40215         2.63112
         1.40355         2.64742
         1.40495         2.66425
         1.40635         2.68166
         1.40775         2.69967
         1.40915         2.71832
         1.41055         2.73760
         1.41195         2.75749
         1.41335         2.77799
         1.41475         2.79903
         1.41615         2.82056
         1.41755         2.84250
         1.41895         2.86477
         1.42035         2.88725
         1.42175         2.90984
         1.42315         2.93243
         1.42455         2.95487
         1.42595         2.97706
         1.42735         2.99888
         1.42875         3.02020
         1.43015         3.04093
         1.43155         3.06098
         1.43295         3.08027
         1.43435         3.09875
         1.43575         3.11637
         1.43715         3.13314
         1.43855         3.14905
         1.43995         3.16414
         1.44135         3.17847
         1.44275         3.19211
         1.44415         3.20518
         1.44555         3.21778
         1.44695         3.23007
         1.44835         3.24219
         1.44975         3.25432
         1.45115         3.26661
         1.45255         3.27926
         1.45395         3.29244
         1.45535         3.30633
         1.45675         3.32109
         1.45815         3.33687
         1.45955         3.35381
         1.46095         3.37204
         1.46235         3.39164
         1.46375         3.41268
         1.46515         3.43522
         1.46655         3.45925
         1.46794         3.48477
         1.46934         3.51172
         1.47074         3.54002
         1.47214         3.56956
         1.47354         3.60021
         1.47494         3.63181
         1.47634         3.66415
         1.47774         3.69705
         1.47914         3.73029
         1.48054         3.76363
         1.48194         3.79683
         1.48334         3.82967
         1.48474         3.86192
         1.48614         3.89335
         1.48754         3.92376
         1.48894         3.95297
         1.49034         3.98082
         1.49174         4.00718
         1.49314         4.03197
         1.49454         4.05511
         1.49594         4.07660
         1.49734         4.09645
         1.49874         4.11472
         1.50014         4.13151
         1.50154         4.14697
         1.50294         4.16127
         1.50434         4.17461
         1.50574         4.18724
         1.50714         4.19943
         1.50854         4.21145
         1.50994         4.22359
         1.51134         4.23618
         1.51274         4.24950
         1.51414         4.26385
         1.51554         4.27952
         1.51694         4.29678
         1.51834         4.31584
         1.51974         4.33693
         1.52114         4.36020
         1.52254         4.38577
         1.52394         4.41373
         1.52534         4.44409
         1.52674         4.47684
         1.52814         4.51190
         1.52954         4.54914
         1.53094         4.58841
         1.53234         4.62948
         1.53374         4.67210
         1.53514         4.71597
         1.53654         4.76079
         1.53794         4.80621
         1.53934         4.85189
         1.54074         4.89745
         1.54214         4.94257
         1.54354         4.98688
         1.54494         5.03007
         1.54634         5.07185
         1.54774         5.11196
         1.54914         5.15020
         1.55054         5.18638
         1.55194         5.22040
         1.55334         5.25221
         1.55474         5.28181
         1.55614         5.30926
         1.55754         5.33468
         1.55894         5.35824
         1.56034         5.38019
         1.56174         5.40079
         1.56314         5.42037
         1.56453         5.43928
         1.56593         5.45791
         1.56733         5.47665
         1.56873         5.49592
         1.57013         5.51611
         1.57153         5.53763
         1.57293         5.56084
         1.57433         5.58610
         1.57573         5.61371
         1.57713         5.64393
         1.57853         5.67697
         1.57993         5.71299
         1.58133         5.75208
         1.58273         5.79426
         1.58413         5.83950
         1.58553         5.88771
         1.58693         5.93872
         1.58833         5.99233
         1.58973         6.04828
         1.59113         6.10624
         1.59253         6.16589
         1.59393         6.22684
         1.59533         6.28872
         1.59673         6.35113
         1.59813         6.41366
         1.59953         6.47595
         1.60093         6.53762
         1.60233         6.59834
         1.60373         6.65783
         1.60513         6.71582
         1.60653         6.77213
         1.60793         6.82659
         1.60933         6.87912
         1.61073         6.92969
         1.61213         6.97831
         1.61353         7.02506
         1.61493         7.07006
         1.61633         7.11349
         1.61773         7.15554
         1.61913         7.19646
         1.62053         7.23650
         1.62193         7.27592
         1.62333         7.31502
         1.62473         7.35404
         1.62613         7.39325
         1.62753         7.43286
         1.62893         7.47309
         1.63033         7.51409
         1.63173         7.55598
         1.63313         7.59883
         1.63453         7.64266
         1.63593         7.68746
         1.63733         7.73313
         1.63873         7.77957
         1.64013         7.82662
         1.64153         7.87407
         1.64293         7.92171
         1.64433         7.96929
         1.64573         8.01655
         1.64713         8.06323
         1.64853         8.10909
         1.64993         8.15388
         1.65133         8.19741
         1.65273         8.23950
         1.65413         8.28002
         1.65553         8.31890
         1.65693         8.35611
         1.65833         8.39170
         1.65973         8.42576
         1.66112         8.45845
         1.66252         8.49001
         1.66392         8.52072
         1.66532         8.55091
         1.66672         8.58099
         1.66812         8.61138
         1.66952         8.64255
         1.67092         8.67500
         1.67232         8.70924
         1.67372         8.74578
         1.67512         8.78514
         1.67652         8.82781
         1.67792         8.87428
         1.67932         8.92497
         1.68072         8.98031
         1.68212         9.04065
         1.68352         9.10629
         1.68492         9.17749
         1.68632         9.25443
         1.68772         9.33726
         1.68912         9.42602
         1.69052         9.52075
         1.69192         9.62139
         1.69332         9.72785
         1.69472         9.83997
         1.69612         9.95757
         1.69752        10.08041
         1.69892        10.20823
         1.70032        10.34075
         1.70172        10.47767
         1.70312        10.61866
         1.70452        10.76341
         1.70592        10.91161
         1.70732        11.06294
         1.70872        11.21711
         1.71012        11.37386
         1.71152        11.53292
         1.71292        11.69410
         1.71432        11.85720
         1.71572        12.02210
         1.71712        12.18870
         1.71852        12.35697
         1.71992        12.52693
         1.72132        12.69864
         1.72272        12.87225
         1.72412        13.04796
         1.72552        13.22604
         1.72692        13.40684
         1.72832        13.59077
         1.72972        13.77832
         1.73112        13.97003
         1.73252        14.16654
         1.73392        14.36851
         1.73532        14.57669
         1.73672        14.79183
         1.73812        15.01474
         1.73952        15.24623
         1.74092        15.48711
         1.74232        15.73816
         1.74372        16.00010
         1.74512        16.27358
         1.74652        16.55915
         1.74792        16.85721
         1.74932        17.16801
         1.75072        17.49158
         1.75212        17.82774
         1.75352        18.17604
         1.75492        18.53574
         1.75632        18.90579
         1.75771        19.28482
         1.75911        19.67109
         1.76051        20.06251
         1.76191        20.45665
         1.76331        20.85068
         1.76471        21.24144
         1.76611        21.62546
         1.76751        21.99894
         1.76891        22.35784
         1.77031        22.69787
         1.77171        23.01461
         1.77311        23.30350
         1.77451        23.55996
         1.77591        23.77941
         1.77731        23.95740
         1.77871        24.08965
         1.78011        24.17213
         1.78151        24.20115
         1.78291        24.17343
         1.78431        24.08618
         1.78571        23.93713
         1.78711        23.72464
         1.78851        23.44771
         1.78991        23.10603
         1.79131        22.70000
         1.79271        22.23077
         1.79411        21.70020
         1.79551        21.11090
         1.79691        20.46613
         1.79831        19.76986
         1.79971        19.02663
         1.80111        18.24155
         1.80251        17.42018
         1.80391        16.56849
         1.80531        15.69275
         1.80671        14.79943
         1.80811        13.89513
         1.80951        12.98645
         1.81091        12.07991
         1.81231        11.18185
         1.81371        10.29834
         1.81511         9.43510
         1.81651         8.59741
         1.81791         7.79006
         1.81931         7.01728
         1.82071         6.28271
         1.82211         5.58938
         1.82351         4.93963
         1.82491         4.33520
         1.82631         3.77713
         1.82771         3.26589
         1.82911         2.80130
         1.83051         2.38265
         1.83191         2.00873
         1.83331         1.67784
         1.83471         1.38792
         1.83611         1.13655
         1.83751         0.92107
         1.83891         0.73862
         1.84031         0.58620
         1.84171         0.46075
         1.84311         0.35922
         1.84451         0.27858
         1.84591         0.21593
         1.84731         0.16851
         1.84871         0.13372
         1.85011         0.10919
         1.85151         0.09276
         1.85291         0.08253
         1.85430         0.07684
         1.85570         0.07427
         1.85710         0.07365
         1.85850         0.07404
         1.85990         0.07471
         1.86130         0.07513
         1.86270         0.07493
         1.86410         0.07391
         1.86550         0.07197
         1.86690         0.06913
         1.86830         0.06548
         1.86970         0.06116
         1.87110         0.05634
         1.87250         0.05122
         1.87390         0.04600
         1.87530         0.04085
         1.87670         0.03594
         1.87810         0.03139
         1.87950         0.02733
         1.88090         0.02380
         1.88230         0.02085
         1.88370         0.01848
         1.88510         0.01668
         1.88650         0.01538
         1.88790         0.01454
         1.88930         0.01406
         1.89070         0.01388
         1.89210         0.01390
         1.89350         0.01404
         1.89490         0.01423
         1.89630         0.01440
         1.89770         0.01450
         1.89910         0.01449
         1.90050         0.01434
         1.90190         0.01405
         1.90330         0.01361
         1.90470         0.01303
         1.90610         0.01233
         1.90750         0.01154
         1.90890         0.01069
         1.91030         0.00981
         1.91170         0.00894
         1.91310         0.00811
         1.91450         0.00734
         1.91590         0.00664
         1.91730         0.00605
         1.91870         0.00556
         1.92010         0.00518
         1.92150         0.00491
         1.92290         0.00473
         1.92430         0.00463
         1.92570         0.00460
         1.92710         0.00463
         1.92850         0.00468
         1.92990         0.00475
         1.93130         0.00481
         1.93270         0.00485
         1.93410         0.00486
         1.93550         0.00484
         1.93690         0.00477
         1.93830         0.00466
         1.93970         0.00450
         1.94110         0.00431
         1.94250         0.00408
         1.94390         0.00384
         1.94530         0.00358
         1.94670         0.00332
         1.94810         0.00307
         1.94950         0.00283
         1.95089         0.00262
         1.95229         0.00244
         1.95369         0.00229
         1.95509         0.00217
         1.95649         0.00209
         1.95789         0.00204
         1.95929         0.00202
         1.96069         0.00202
         1.96209         0.00204
         1.96349         0.00206
         1.96489         0.00209
         1.96629         0.00212
         1.96769         0.00214
         1.96909         0.00214
         1.97049         0.00213
         1.97189         0.00210
         1.97329         0.00206
         1.97469         0.00199
         1.97609         0.00191
         1.97749         0.00182
         1.97889         0.00172
         1.98029         0.00162
         1.98169         0.00152
         1.98309         0.00142
         1.98449         0.00133
         1.98589         0.00125
         1.98729         0.00118
         1.98869         0.00113
         1.99009         0.00109
         1.99149         0.00106
         1.99289         0.00105
         1.99429         0.00105
         1.99569         0.00105
         1.99709         0.00107
         1.99849         0.00108
         1.99989         0.00110
         2.00129         0.00111
         2.00269         0.00111
         2.00409         0.00111
         2.00549         0.00110
         2.00689         0.00108
         2.00829         0.00106
         2.00969         0.00102
         2.01109         0.00098
         2.01249         0.00094
         2.01389         0.00089
         2.01529         0.00084
         2.01669         0.00079
         2.01809         0.00075
         2.01949         0.00071
         2.02089         0.00067
         2.02229         0.00065
         2.02369         0.00063
         2.02509         0.00061
         2.02649         0.00061
         2.02789         0.00061
         2.02929         0.00061
         2.03069         0.00062
         2.03209         0.00063
         2.03349         0.00064
         2.03489         0.00064
         2.03629         0.00065
         2.03769         0.00065
         2.03909         0.00064
         2.04049         0.00063
         2.04189         0.00062
         2.04329         0.00060
         2.04469         0.00058
         2.04609         0.00055
         2.04748         0.00053
         2.04888         0.00050
         2.05028         0.00047
         2.05168         0.00045
         2.05308         0.00043
         2.05448         0.00041
         2.05588         0.00040
         2.05728         0.00039
         2.05868         0.00039
         2.06008         0.00038
         2.06148         0.00038
         2.06288         0.00039
         2.06428         0.00039
         2.06568         0.00040
         2.06708         0.00040
         2.06848         0.00041
         2.06988         0.00041
         2.07128         0.00041
         2.07268         0.00040
         2.07408         0.00040
         2.07548         0.00039
         2.07688         0.00038
         2.07828         0.00036
         2.07968         0.00035
         2.08108         0.00033
         2.08248         0.00032
         2.08388         0.00030
         2.08528         0.00029
         2.08668         0.00028
         2.08808         0.00027
         2.08948         0.00026
         2.09088         0.00026
         2.09228         0.00026
         2.09368         0.00026
         2.09508         0.00026
         2.09648         0.00026
         2.09788         0.00027
         2.09928         0.00027
         2.10068         0.00027
         2.10208         0.00027
         2.10348         0.00027
         2.10488         0.00027
         2.10628         0.00027
         2.10768         0.00026
         2.10908         0.00025
         2.11048         0.00025
         2.11188         0.00024
         2.11328         0.00023
         2.11468         0.00022
         2.11608         0.00021
         2.11748         0.00020
         2.11888         0.00019
         2.12028         0.00019
         2.12168         0.00018
         2.12308         0.00018
         2.12448         0.00018
         2.12588         0.00018
         2.12728         0.00018
         2.12868         0.00019
         2.13008         0.00019
         2.13148         0.00019
         2.13288         0.00019
         2.13428         0.00019
         2.13568         0.00019
         2.13708         0.00019
         2.13848         0.00019
         2.13988         0.00018
         2.14128         0.00018
         2.14268         0.00017
         2.14408         0.00017
         2.14547         0.00016
         2.14687         0.00015
         2.14827         0.00015
         2.14967         0.00014
         2.15107         0.00014
         2.15247         0.00014
         2.15387         0.00013
         2.15527         0.00013
         2.15667         0.00013
         2.15807         0.00013
         2.15947         0.00014
         2.16087         0.00014
         2.16227         0.00014
         2.16367         0.00014
         2.16507         0.00014
         2.16647         0.00014
         2.16787         0.00014
         2.16927         0.00014
         2.17067         0.00014
         2.17207         0.00013
         2.17347         0.00013
         2.17487         0.00012
         2.17627         0.00012
         2.17767         0.00012
         2.17907         0.00011
         2.18047         0.00011
         2.18187         0.00010
         2.18327         0.00010
         2.18467         0.00010
         2.18607         0.00010
         2.18747         0.00010
         2.18887         0.00010
         2.19027         0.00010
         2.19167         0.00010
         2.19307         0.00011
         2.19447         0.00011
         2.19587         0.00011
         2.19727         0.00011
         2.19867         0.00011
         2.20007         0.00011
         2.20147         0.00010
         2.20287         0.00010
         2.20427         0.00010
         2.20567         0.00009
         2.20707         0.00009
         2.20847         0.00009
         2.20987         0.00009
         2.21127         0.00008
         2.21267         0.00008
         2.21407         0.00008
         2.21547         0.00008
         2.21687         0.00008
         2.21827         0.00008
         2.21967         0.00008
         2.22107         0.00008
         2.22247         0.00008
         2.22387         0.00008
         2.22527         0.00008
         2.22667         0.00008
         2.22807         0.00008
         2.22947         0.00008
         2.23087         0.00008
         2.23227         0.00008
         2.23367         0.00008
         2.23507         0.00007
         2.23647         0.00007
         2.23787         0.00007
         2.23927         0.00007
         2.24067         0.00007
         2.24206         0.00006
         2.24346         0.00006
         2.24486         0.00006
         2.24626         0.00006
         2.24766         0.00006
         2.24906         0.00006
         2.25046         0.00006
         2.25186         0.00007
         2.25326         0.00007
         2.25466         0.00007
         2.25606         0.00007
         2.25746         0.00007
         2.25886         0.00007
         2.26026         0.00006
         2.26166         0.00006
         2.26306         0.00006
         2.26446         0.00006
         2.26586         0.00006
         2.26726         0.00006
         2.26866         0.00005
         2.27006         0.00005
         2.27146         0.00005
         2.27286         0.00005
         2.27426         0.00005
         2.27566         0.00005
         2.27706         0.00005
         2.27846         0.00005
         2.27986         0.00005
         2.28126         0.00005
         2.28266         0.00005
         2.28406         0.00005
         2.28546         0.00005
         2.28686         0.00005
         2.28826         0.00005
         2.28966         0.00005
         2.29106         0.00005
         2.29246         0.00005
         2.29386         0.00005
         2.29526         0.00005
         2.29666         0.00005
         2.29806         0.00004
         2.29946         0.00004
         2.30086         0.00004
         2.30226         0.00004
         2.30366         0.00004
         2.30506         0.00004
         2.30646         0.00004
         2.30786         0.00004
         2.30926         0.00004
         2.31066         0.00004
         2.31206         0.00004
         2.31346         0.00004
         2.31486         0.00004
         2.31626         0.00004
         2.31766         0.00004
         2.31906         0.00004
         2.32046         0.00004
         2.32186         0.00004
         2.32326         0.00004
         2.32466         0.00004
         2.32606         0.00004
         2.32746         0.00004
         2.32886         0.00004
         2.33026         0.00004
         2.33166         0.00004
         2.33306         0.00004
         2.33446         0.00004
         2.33586         0.00004
         2.33726         0.00004
         2.33865         0.00004
         2.34005         0.00004
         2.34145         0.00004
         2.34285         0.00004
         2.34425         0.00004
         2.34565         0.00004
         2.34705         0.00004
         2.34845         0.00003
         2.34985         0.00003
         2.35125         0.00003
         2.35265         0.00003
         2.35405         0.00003
         2.35545         0.00003
         2.35685         0.00003
         2.35825         0.00003
         2.35965         0.00003
         2.36105         0.00003
         2.36245         0.00003
         2.36385         0.00003
         2.36525         0.00003
         2.36665         0.00003
         2.36805         0.00003
         2.36945         0.00003
         2.37085         0.00003
         2.37225         0.00003
         2.37365         0.00003
         2.37505         0.00003
         2.37645         0.00003
         2.37785         0.00003
         2.37925         0.00003
         2.38065         0.00003
         2.38205         0.00003
         2.38345         0.00003
         2.38485         0.00003
         2.38625         0.00003
         2.38765         0.00003
         2.38905         0.00003
         2.39045         0.00003
         2.39185         0.00003
         2.39325         0.00003
         2.39465         0.00003
         2.39605         0.00003
         2.39745         0.00003
         2.39885         0.00003
         2.40025         0.00003
         2.40165         0.00003
         2.40305         0.00002
         2.40445         0.00002
         2.40585         0.00002
         2.40725         0.00002
         2.40865         0.00002
         2.41005         0.00002
         2.41145         0.00002
         2.41285         0.00002
         2.41425         0.00002
         2.41565         0.00002
         2.41705         0.00002
         2.41845         0.00002
         2.41985         0.00002
         2.42125         0.00002
         2.42265         0.00002
         2.42405         0.00002
         2.42545         0.00002
         2.42685         0.00002
         2.42825         0.00002
         2.42965         0.00002
         2.43105         0.00002
         2.43245         0.00002
         2.43385         0.00002
         2.43524         0.00002
         2.43664         0.00002
         2.43804         0.00002
         2.43944         0.00002
         2.44084         0.00002
         2.44224         0.00002
         2.44364         0.00002
         2.44504         0.00002
         2.44644         0.00002
         2.44784         0.00002
         2.44924         0.00002
         2.45064         0.00002
         2.45204         0.00002
         2.45344         0.00002
         2.45484         0.00002
         2.45624         0.00002
         2.45764         0.00002
         2.45904         0.00002
         2.46044         0.00002
         2.46184         0.00002
         2.46324         0.00002
         2.46464         0.00002
         2.46604         0.00002
         2.46744         0.00002
         2.46884         0.00002
         2.47024         0.00002
         2.47164         0.00002
         2.47304         0.00002
         2.47444         0.00002
         2.47584         0.00002
         2.47724         0.00002
         2.47864         0.00002
         2.48004         0.00002
         2.48144         0.00002
         2.48284         0.00002
         2.48424         0.00002
         2.48564         0.00002
         2.48704         0.00002
         2.48844         0.00002
         2.48984         0.00002
         2.49124         0.00002
         2.49264         0.00002
         2.49404         0.00002
         2.49544         0.00002
         2.49684         0.00002
         2.49824         0.00002
         2.49964         0.00002
         2.50104         0.00002
         2.50244         0.00002
         2.50384         0.00002
         2.50524         0.00002
         2.50664         0.00002
         2.50804         0.00002
         2.50944         0.00002
         2.51084         0.00002
         2.51224         0.00002
