 orbital           1 atom           1
  0.13756254  1.00000000
 -0.09448125  0.23843133
  0.22196662  0.12535602
 -0.10269837  0.17420092
 -0.12372292  0.12124943
  0.11129392  0.16075798
 -0.02215886  0.14965172
  0.05727112  0.16211811
  0.03951044  0.21323062
  0.10590092  0.15062298
  0.16142341  0.22831765
  0.05109094  0.20053311
  0.10405416  0.20031122
  0.03517115  0.17626936
  0.10539908  0.16916087
  0.05994954  0.21824377
  0.11265151  0.18239861
  0.12919977  0.20127327
  0.04312873  0.19524776
  0.10929318  0.20189117
  0.00000000  0.17445572
 orbital           2 atom           1
  0.43739702  1.00000000
 -0.01630362  0.13930535
  0.13300149  0.13869933
  0.05483064  0.13351955
 -0.02230386  0.13858682
  0.05552137  0.15698112
  0.00709192  0.16359417
  0.05606065  0.16723853
  0.04544250  0.16647601
  0.04792746  0.16212810
  0.07417420  0.19338197
  0.11380011  0.19568939
  0.14234733  0.19189372
  0.05506711  0.20467265
  0.07742788  0.18958373
  0.07232053  0.17667615
  0.07060931  0.18171234
  0.10893248  0.19942594
  0.10080028  0.19936060
  0.10406953  0.19769746
  0.00000000  0.19309684
 orbital           3 atom           1
  0.44352038  1.00000000
 -0.01771641  0.13930535
  0.13234379  0.13972779
  0.05636306  0.13346704
 -0.01743690  0.13722966
  0.06064929  0.16127330
  0.01852208  0.16679137
  0.07379121  0.17241968
  0.06241713  0.17363539
  0.08437621  0.17362600
  0.09165156  0.20630745
  0.10643505  0.19821179
  0.11806461  0.18671026
  0.03434159  0.18986137
  0.08123384  0.18707063
  0.08561161  0.18062599
  0.09274887  0.19049099
  0.10708000  0.20507916
  0.08587506  0.19307098
  0.08926845  0.19294066
  0.00000000  0.18753104
 orbital           4 atom           1
  0.44964374  1.00000000
 -0.01915868  0.13930535
  0.13173856  0.14077956
  0.05814984  0.13333050
 -0.01370185  0.13580471
  0.06282806  0.16498581
  0.02248872  0.16793176
  0.07692393  0.17283114
  0.05717343  0.17352309
  0.08490091  0.17303562
  0.09164674  0.20620434
  0.10822102  0.19756029
  0.12017341  0.18918796
  0.03499555  0.18978865
  0.08407591  0.18768963
  0.08296702  0.18054869
  0.09451548  0.19094740
  0.10816359  0.20546079
  0.08774530  0.19250444
  0.08959296  0.19558427
  0.00000000  0.18657459
 orbital           5 atom           1
 -0.34029225  1.00000000
 -0.02370652  0.03069505
  0.11600750  0.12772390
  0.16699649  0.09600488
  0.05864153  0.14237822
  0.08520577  0.13907363
  0.04469097  0.12513850
 -0.00969190  0.16103923
  0.05435314  0.15913142
  0.09565892  0.17907029
  0.11576847  0.17795244
  0.10198468  0.19385361
  0.08091293  0.19263594
  0.06227349  0.18125806
  0.07599284  0.18825795
  0.09063553  0.16721480
  0.07864935  0.19313735
  0.10462193  0.20087596
  0.10646537  0.19186928
  0.07439822  0.19603200
  0.00000000  0.18001472
 orbital           6 atom           1
 -0.30440685  1.00000000
  0.16913179  0.04469306
  0.04595825  0.14537486
  0.17476092  0.09677119
  0.03899018  0.14570103
  0.08596716  0.12318159
  0.07833031  0.14091382
 -0.00361963  0.15827683
  0.09439953  0.16994452
  0.09533564  0.19744090
  0.15930489  0.17031731
  0.07918205  0.20782563
  0.05966454  0.18432753
  0.08825271  0.17878052
  0.05053482  0.18548735
  0.12737381  0.16998765
  0.07056271  0.20416958
  0.10235209  0.19872667
  0.11693396  0.19147141
  0.05387126  0.18401561
  0.00000000  0.18963491
 orbital           7 atom           1
 -0.36765761  1.00000000
 -0.22042534  0.01669705
  0.18704490  0.11133400
  0.16840553  0.09766432
  0.07708278  0.13585085
  0.08339266  0.15767208
  0.02294544  0.11008592
 -0.00003169  0.16627642
  0.04602154  0.16113728
  0.12767291  0.17404697
  0.08028892  0.19538396
  0.11444602  0.17838017
  0.08638444  0.19343106
  0.03126702  0.17811055
  0.09928836  0.19156217
  0.06475235  0.16737496
  0.09657498  0.18286831
  0.09836510  0.20657108
  0.09573419  0.18967897
  0.08979110  0.20434498
  0.00000000  0.17202225
 orbital           8 atom           1
 -0.29307255  1.00000000
  0.16555574  0.04469306
  0.04163039  0.14742790
  0.17586927  0.09672970
  0.04655303  0.14397074
  0.08665951  0.12428334
  0.08763894  0.14474679
  0.02632723  0.16240270
  0.12518253  0.18375376
  0.10836109  0.21315537
  0.16658511  0.17363872
  0.04934048  0.19520509
  0.04778081  0.17914315
  0.09849895  0.17644579
  0.06203317  0.18922643
  0.15356943  0.18309029
  0.07728160  0.20644542
  0.09169721  0.19870491
  0.10339353  0.18869551
  0.05661309  0.17858718
  0.00000000  0.19231631
 orbital           9 atom           1
 -0.32510335  1.00000000
 -0.02933824  0.03069505
  0.11492153  0.13001548
  0.17673744  0.09831577
  0.06046111  0.13814246
  0.08214620  0.14181607
  0.05370777  0.12633206
  0.00259012  0.16127882
  0.06764200  0.16723178
  0.11283304  0.18645077
  0.13214696  0.18439778
  0.10622003  0.19657339
  0.08500679  0.19620078
  0.07176323  0.18206382
  0.07347484  0.19095807
  0.09839769  0.17075321
  0.08357013  0.19067358
  0.09613635  0.20291679
  0.11084176  0.19217808
  0.07715986  0.19420121
  0.00000000  0.18282398
 orbital          10 atom           1
  0.21152386  1.00000000
  0.00924759  0.26120507
  0.32434312  0.12192093
 -0.09844949  0.22119523
  0.12422281  0.12514834
  0.12070068  0.16060903
  0.05833486  0.22013281
  0.16883288  0.13949528
  0.06289141  0.21540087
  0.10141387  0.14687005
  0.13850496  0.20249566
  0.11736868  0.17868021
  0.09449129  0.17772248
  0.13625882  0.19373432
  0.08339021  0.16166732
  0.14160305  0.19980123
  0.10843600  0.17546613
  0.10812392  0.18063881
  0.12074810  0.18950524
  0.11843372  0.17135672
  0.00000000  0.19455095
 orbital          11 atom           1
  0.56093035  1.00000000
  0.08814983  0.15997300
  0.28315090  0.13077146
  0.05115433  0.15367194
  0.13650531  0.18101838
  0.14740918  0.14774480
  0.10289078  0.21590325
  0.17609135  0.15912718
  0.06744603  0.19477082
  0.14157526  0.16791189
  0.10386220  0.18167691
  0.12179217  0.18226781
  0.11295962  0.17480825
  0.13794013  0.19384935
  0.10836141  0.17470605
  0.12391634  0.18911617
  0.10585874  0.17694021
  0.11816085  0.17936944
  0.12558387  0.18552120
  0.11344641  0.18419743
  0.00000000  0.18216062
 orbital          12 atom           1
  0.55480699  1.00000000
  0.09011160  0.15997300
  0.28355836  0.12928285
  0.04574586  0.15550393
  0.14034460  0.17957673
  0.13657413  0.14513783
  0.10333902  0.21614502
  0.17396245  0.15676719
  0.06842184  0.19533419
  0.13866751  0.16804844
  0.10487719  0.18089195
  0.11855974  0.18123430
  0.10760545  0.17454591
  0.13864009  0.19084920
  0.10467457  0.17520388
  0.12519892  0.18820370
  0.10708371  0.17770114
  0.11363533  0.17843802
  0.12371081  0.18442885
  0.11009280  0.18279902
  0.00000000  0.18061342
 orbital          13 atom           1
  0.54868364  1.00000000
  0.09213517  0.15997300
  0.28420705  0.12772255
  0.03969874  0.15743821
  0.14534609  0.17819017
  0.12618619  0.14248045
  0.10419111  0.21713214
  0.17403981  0.15445479
  0.07117129  0.19677319
  0.14101623  0.16963870
  0.11231720  0.18281917
  0.11818303  0.18187603
  0.10228531  0.17543211
  0.13783076  0.18704294
  0.09769540  0.17435205
  0.12883257  0.18774203
  0.11011048  0.17846633
  0.11396958  0.17968346
  0.12267203  0.18445244
  0.10757691  0.18157317
  0.00000000  0.17891784
 orbital          14 atom           1
 -0.05194413  1.00000000
  0.09750272  0.03852639
  0.30695266  0.10802182
  0.19599514  0.11370308
  0.15735248  0.17519222
  0.16430594  0.14345457
  0.06882750  0.17216642
  0.15322441  0.16650599
  0.13313781  0.16081711
  0.10926055  0.18691313
  0.12725010  0.17588177
  0.11560513  0.16718612
  0.12309265  0.18512298
  0.11779038  0.17204670
  0.12210201  0.18927039
  0.13886193  0.17330514
  0.08205722  0.18151842
  0.14707499  0.18309378
  0.10145922  0.17040778
  0.12057945  0.19002800
  0.00000000  0.17900971
 orbital          15 atom           1
 -0.09172042  1.00000000
  0.27773216  0.05582888
  0.23512131  0.13192556
  0.23981193  0.10062864
  0.13386735  0.17697667
  0.16721566  0.13063838
  0.09208500  0.18373303
  0.14250126  0.16639521
  0.13496837  0.15915741
  0.12175133  0.19118853
  0.10416340  0.16644786
  0.15926621  0.18173132
  0.09638368  0.18097977
  0.12867401  0.17018654
  0.11858112  0.19259925
  0.12797685  0.16983769
  0.10360864  0.17993877
  0.13577600  0.19220947
  0.10866644  0.16523085
  0.12789710  0.19405221
  0.00000000  0.17716741
 orbital          16 atom           1
 -0.03353308  1.00000000
 -0.07746061  0.02122391
  0.37775232  0.08185928
  0.13871758  0.12667703
  0.18918934  0.17401731
  0.15358898  0.15389158
  0.04477458  0.16240537
  0.15801165  0.16173929
  0.12021317  0.16183799
  0.09732846  0.17918080
  0.15135323  0.18450621
  0.07288711  0.15569934
  0.15382487  0.18799785
  0.09583446  0.17350355
  0.12998480  0.18559861
  0.14220828  0.17155681
  0.06428600  0.18920449
  0.16423012  0.16939605
  0.08787163  0.18040079
  0.11817899  0.18303517
  0.00000000  0.18038420
 orbital          17 atom           1
 -0.10825391  1.00000000
  0.28283345  0.05582888
  0.24103228  0.12852053
  0.22583581  0.10325908
  0.14442452  0.17830430
  0.15990236  0.12738426
  0.08986879  0.18820263
  0.14892922  0.16157537
  0.12198689  0.16055867
  0.12825240  0.19053928
  0.09781885  0.16431855
  0.15719445  0.18178046
  0.09605234  0.17917426
  0.12528345  0.17102693
  0.12109020  0.19021919
  0.12318631  0.17110610
  0.10429234  0.17903484
  0.13370680  0.19011290
  0.10467091  0.16642395
  0.12915188  0.19155784
  0.00000000  0.17726713
 orbital          18 atom           1
 -0.08199922  1.00000000
  0.10539094  0.03852639
  0.30910061  0.10402000
  0.17536551  0.11493713
  0.17133140  0.17659863
  0.15309650  0.13953823
  0.06706272  0.17622806
  0.15092472  0.15934013
  0.11783196  0.16135135
  0.11698349  0.18452855
  0.12622951  0.17537067
  0.11582936  0.17050097
  0.12715742  0.18300656
  0.10383302  0.17170470
  0.12808522  0.18776091
  0.12934685  0.16890110
  0.08580701  0.18678254
  0.15073415  0.17786865
  0.09365992  0.17493684
  0.12472111  0.18600536
  0.00000000  0.17887426
 orbital           1 atom           1
  0.13756268  1.00000000
 -0.09448017  0.23843179
  0.22196814  0.12535686
 -0.10269687  0.17420122
 -0.12372005  0.12125014
  0.11129522  0.16075981
 -0.02215768  0.14965180
  0.05726923  0.16211810
  0.03950170  0.21322822
  0.10588680  0.15061912
  0.16141972  0.22831155
  0.05109538  0.20053479
  0.10406003  0.20031346
  0.03517127  0.17627144
  0.10539012  0.16915872
  0.05994185  0.21823971
  0.11264078  0.18239456
  0.12920303  0.20127116
  0.04313232  0.19525060
  0.10929537  0.20189205
  0.00000000  0.17445601
 orbital           2 atom           1
  0.43739952  1.00000000
 -0.01630236  0.13930598
  0.13300284  0.13870022
  0.05483247  0.13352016
 -0.02230170  0.13858732
  0.05552308  0.15698222
  0.00709325  0.16359466
  0.05606116  0.16723932
  0.04544034  0.16647577
  0.04792153  0.16212661
  0.07416291  0.19337799
  0.11378919  0.19568428
  0.14234722  0.19189077
  0.05507509  0.20467551
  0.07743187  0.18958688
  0.07231750  0.17667664
  0.07059698  0.18170894
  0.10892136  0.19941995
  0.10079808  0.19935770
  0.10407567  0.19769855
  0.00000000  0.19310032
 orbital           3 atom           1
  0.44352288  1.00000000
 -0.01771516  0.13930598
  0.13234514  0.13972868
  0.05636490  0.13346767
 -0.01743470  0.13723017
  0.06065062  0.16127435
  0.01852240  0.16679165
  0.07378952  0.17241979
  0.06241162  0.17363397
  0.08436689  0.17362289
  0.09164425  0.20630326
  0.10643316  0.19820985
  0.11806915  0.18671096
  0.03434480  0.18986363
  0.08123062  0.18707085
  0.08560323  0.18062367
  0.09273804  0.19048633
  0.10707847  0.20507612
  0.08587791  0.19307184
  0.08927176  0.19294227
  0.00000000  0.18753176
 orbital           4 atom           1
  0.44964624  1.00000000
 -0.01915743  0.13930598
  0.13173990  0.14078046
  0.05815170  0.13333114
 -0.01369955  0.13580521
  0.06282936  0.16498687
  0.02248913  0.16793208
  0.07692254  0.17283132
  0.05716844  0.17352182
  0.08489208  0.17303277
  0.09163935  0.20620027
  0.10821835  0.19755813
  0.12017784  0.18918845
  0.03499885  0.18979091
  0.08407308  0.18768997
  0.08295876  0.18054655
  0.09450437  0.19094262
  0.10816180  0.20545768
  0.08774764  0.19250503
  0.08959707  0.19558599
  0.00000000  0.18657564
 orbital           5 atom           1
 -0.34029302  1.00000000
 -0.02370524  0.03069507
  0.11600861  0.12772482
  0.16699887  0.09600556
  0.05864250  0.14237860
  0.08520708  0.13907436
  0.04469276  0.12513887
 -0.00969296  0.16103903
  0.05434848  0.15913077
  0.09564869  0.17906732
  0.11575820  0.17794772
  0.10198252  0.19385083
  0.08091811  0.19263703
  0.06227728  0.18126041
  0.07599186  0.18825898
  0.09062738  0.16721303
  0.07863926  0.19313310
  0.10461646  0.20087196
  0.10646701  0.19186856
  0.07440411  0.19603460
  0.00000000  0.18001582
 orbital           6 atom           1
 -0.30440742  1.00000000
  0.16913343  0.04469309
  0.04595934  0.14537573
  0.17476324  0.09677194
  0.03899107  0.14570136
  0.08596920  0.12318240
  0.07833073  0.14091419
 -0.00362179  0.15827623
  0.09439246  0.16994299
  0.09532524  0.19743695
  0.15929800  0.17031325
  0.07918634  0.20782556
  0.05966826  0.18432995
  0.08825375  0.17878154
  0.05052951  0.18548684
  0.12736258  0.16998384
  0.07055669  0.20416585
  0.10235060  0.19872473
  0.11693940  0.19147247
  0.05387213  0.18401789
  0.00000000  0.18963354
 orbital           7 atom           1
 -0.36765861  1.00000000
 -0.22042443  0.01669705
  0.18704600  0.11133497
  0.16840790  0.09766493
  0.07708393  0.13585124
  0.08339309  0.15767272
  0.02294804  0.11008628
 -0.00003330  0.16627617
  0.04601542  0.16113631
  0.12766165  0.17404336
  0.08028162  0.19537983
  0.11444334  0.17837778
  0.08639075  0.19343209
  0.03126977  0.17811301
  0.09928796  0.19156291
  0.06474566  0.16737415
  0.09656185  0.18286331
  0.09835992  0.20656654
  0.09573394  0.18967780
  0.08980001  0.20434789
  0.00000000  0.17202472
 orbital           8 atom           1
 -0.29307305  1.00000000
  0.16555738  0.04469309
  0.04163146  0.14742878
  0.17587156  0.09673045
  0.04655391  0.14397108
  0.08666129  0.12428407
  0.08763808  0.14474694
  0.02632225  0.16240141
  0.12517245  0.18375044
  0.10835455  0.21315139
  0.16658572  0.17363722
  0.04934630  0.19520728
  0.04778146  0.17914503
  0.09849508  0.17644511
  0.06202341  0.18922366
  0.15355911  0.18308506
  0.07728247  0.20644414
  0.09170056  0.19870595
  0.10339707  0.18869737
  0.05660792  0.17858738
  0.00000000  0.19231222
 orbital           9 atom           1
 -0.32510411  1.00000000
 -0.02933696  0.03069507
  0.11492259  0.13001640
  0.17673976  0.09831646
  0.06046226  0.13814282
  0.08214753  0.14181682
  0.05370960  0.12633252
  0.00258918  0.16127861
  0.06763718  0.16723106
  0.11282325  0.18644779
  0.13213874  0.18439354
  0.10621883  0.19657144
  0.08501079  0.19620174
  0.07176532  0.18206547
  0.07347273  0.19095839
  0.09838985  0.17075127
  0.08356101  0.19066971
  0.09613149  0.20291330
  0.11084249  0.19217715
  0.07716454  0.19420326
  0.00000000  0.18282480
 orbital          10 atom           1
  0.21152318  1.00000000
  0.00924526  0.26120449
  0.32433966  0.12191998
 -0.09845169  0.22119487
  0.12421731  0.12514684
  0.12069615  0.16060755
  0.05833421  0.22013225
  0.16882767  0.13949388
  0.06289167  0.21540118
  0.10140613  0.14686846
  0.13850316  0.20249367
  0.11736618  0.17867969
  0.09448775  0.17772175
  0.13625753  0.19373314
  0.08338289  0.16166634
  0.14160221  0.19979891
  0.10843295  0.17546610
  0.10812018  0.18063762
  0.12074570  0.18950411
  0.11842752  0.17135509
  0.00000000  0.19455014
 orbital          11 atom           1
  0.56092621  1.00000000
  0.08814736  0.15997200
  0.28314752  0.13077047
  0.05115111  0.15367121
  0.13650198  0.18101702
  0.14740474  0.14774366
  0.10288902  0.21590240
  0.17608733  0.15912583
  0.06744479  0.19477068
  0.14157204  0.16791081
  0.10385886  0.18167616
  0.12178813  0.18226636
  0.11295400  0.17480659
  0.13793835  0.19384771
  0.10835851  0.17470569
  0.12391522  0.18911538
  0.10585593  0.17693994
  0.11815524  0.17936786
  0.12557894  0.18551902
  0.11344352  0.18419618
  0.00000000  0.18215957
 orbital          12 atom           1
  0.55480285  1.00000000
  0.09010913  0.15997200
  0.28355498  0.12928186
  0.04574268  0.15550321
  0.14034131  0.17957536
  0.13656959  0.14513672
  0.10333726  0.21614410
  0.17395822  0.15676583
  0.06842056  0.19533399
  0.13866430  0.16804735
  0.10487416  0.18089124
  0.11855609  0.18123305
  0.10760009  0.17454439
  0.13863778  0.19084748
  0.10467125  0.17520337
  0.12519735  0.18820265
  0.10708135  0.17770085
  0.11363065  0.17843680
  0.12370634  0.18442700
  0.11008947  0.18279778
  0.00000000  0.18061207
 orbital          13 atom           1
  0.54867950  1.00000000
  0.09213270  0.15997200
  0.28420365  0.12772157
  0.03969561  0.15743751
  0.14534280  0.17818880
  0.12618154  0.14247938
  0.10418935  0.21713113
  0.17403515  0.15445340
  0.07116958  0.19677281
  0.14101217  0.16963734
  0.11231402  0.18281815
  0.11818018  0.18187498
  0.10228111  0.17543106
  0.13782850  0.18704149
  0.09769128  0.17435146
  0.12882971  0.18774037
  0.11010763  0.17846566
  0.11396586  0.17968233
  0.12266902  0.18445120
  0.10757402  0.18157237
  0.00000000  0.17891641
 orbital          14 atom           1
 -0.05194531  1.00000000
  0.09750028  0.03852628
  0.30694906  0.10802092
  0.19599159  0.11370235
  0.15735038  0.17519131
  0.16430190  0.14345368
  0.06882454  0.17216552
  0.15322119  0.16650474
  0.13313375  0.16081600
  0.10925882  0.18691236
  0.12724777  0.17588115
  0.11560057  0.16718497
  0.12308956  0.18512157
  0.11778524  0.17204537
  0.12210018  0.18926905
  0.13885969  0.17330443
  0.08205426  0.18151834
  0.14707211  0.18309201
  0.10145335  0.17040693
  0.12057610  0.19002590
  0.00000000  0.17900857
 orbital          15 atom           1
 -0.09172164  1.00000000
  0.27772927  0.05582872
  0.23511797  0.13192459
  0.23980810  0.10062776
  0.13386536  0.17697600
  0.16721081  0.13063728
  0.09208296  0.18373219
  0.14249801  0.16639425
  0.13496366  0.15915613
  0.12174994  0.19118760
  0.10415897  0.16644713
  0.15926310  0.18172950
  0.09638158  0.18097958
  0.12866872  0.17018499
  0.11857979  0.19259820
  0.12797300  0.16983685
  0.10360407  0.17993756
  0.13577543  0.19220815
  0.10866054  0.16523029
  0.12789528  0.19405037
  0.00000000  0.17716696
 orbital          16 atom           1
 -0.03353416  1.00000000
 -0.07746260  0.02122384
  0.37774840  0.08185846
  0.13871429  0.12667646
  0.18918720  0.17401612
  0.15358572  0.15389096
  0.04477082  0.16240439
  0.15800830  0.16173779
  0.12020963  0.16183705
  0.09732557  0.17917994
  0.15135207  0.18450530
  0.07288150  0.15569878
  0.15382174  0.18799547
  0.09583001  0.17350292
  0.12998252  0.18559691
  0.14220586  0.17155612
  0.06428439  0.18920489
  0.16422471  0.16939362
  0.08786788  0.18040029
  0.11817464  0.18303324
  0.00000000  0.18038266
 orbital          17 atom           1
 -0.10825519  1.00000000
  0.28283056  0.05582872
  0.24102892  0.12851957
  0.22583199  0.10325822
  0.14442258  0.17830355
  0.15989737  0.12738321
  0.08986694  0.18820175
  0.14892582  0.16157441
  0.12198228  0.16055748
  0.12825100  0.19053822
  0.09781451  0.16431794
  0.15719138  0.18177861
  0.09605003  0.17917404
  0.12527828  0.17102539
  0.12108858  0.19021803
  0.12318281  0.17110536
  0.10428794  0.17903369
  0.13370595  0.19011160
  0.10466521  0.16642340
  0.12914967  0.19155588
  0.00000000  0.17726668
 orbital          18 atom           1
 -0.08200037  1.00000000
  0.10538850  0.03852628
  0.30909695  0.10401911
  0.17536195  0.11493643
  0.17132937  0.17659765
  0.15309238  0.13953742
  0.06705999  0.17622713
  0.15092121  0.15933891
  0.11782757  0.16135023
  0.11698094  0.18452737
  0.12622676  0.17536982
  0.11582537  0.17049985
  0.12715507  0.18300540
  0.10382828  0.17170381
  0.12808318  0.18775936
  0.12934310  0.16890027
  0.08580415  0.18678198
  0.15073110  0.17786681
  0.09365587  0.17493657
  0.12471788  0.18600353
  0.00000000  0.17887332
 orbital           1 atom           1
  0.13756265  1.00000000
 -0.09448065  0.23843152
  0.22196746  0.12535643
 -0.10269751  0.17420101
 -0.12372142  0.12124979
  0.11129465  0.16075887
 -0.02215826  0.14965172
  0.05727012  0.16211804
  0.03950577  0.21322926
  0.10589310  0.15062086
  0.16142150  0.22831423
  0.05109333  0.20053395
  0.10405730  0.20031238
  0.03517124  0.17627044
  0.10539415  0.16915959
  0.05994543  0.21824155
  0.11264566  0.18239636
  0.12920153  0.20127202
  0.04313061  0.19524926
  0.10929443  0.20189157
  0.00000000  0.17445584
 orbital           2 atom           1
  0.43739832  1.00000000
 -0.01630294  0.13930565
  0.13300223  0.13869977
  0.05483168  0.13351982
 -0.02230276  0.13858705
  0.05552234  0.15698167
  0.00709265  0.16359436
  0.05606088  0.16723892
  0.04544138  0.16647583
  0.04792421  0.16212724
  0.07416810  0.19337974
  0.11379415  0.19568655
  0.14234722  0.19189206
  0.05507148  0.20467414
  0.07743002  0.18958537
  0.07231887  0.17667636
  0.07060261  0.18171044
  0.10892645  0.19942261
  0.10079906  0.19935897
  0.10407286  0.19769798
  0.00000000  0.19309866
 orbital           3 atom           1
  0.44352168  1.00000000
 -0.01771574  0.13930565
  0.13234453  0.13972823
  0.05636410  0.13346732
 -0.01743578  0.13722990
  0.06065006  0.16127382
  0.01852226  0.16679144
  0.07379026  0.17241970
  0.06241420  0.17363456
  0.08437111  0.17362425
  0.09164760  0.20630510
  0.10643399  0.19821066
  0.11806703  0.18671058
  0.03434336  0.18986254
  0.08123208  0.18707067
  0.08560705  0.18062468
  0.09274297  0.19048840
  0.10707918  0.20507743
  0.08587657  0.19307138
  0.08927025  0.19294146
  0.00000000  0.18753137
 orbital           4 atom           1
  0.44964504  1.00000000
 -0.01915801  0.13930565
  0.13173930  0.14078001
  0.05815090  0.13333078
 -0.01370067  0.13580494
  0.06282881  0.16498633
  0.02248895  0.16793186
  0.07692314  0.17283120
  0.05717078  0.17352235
  0.08489607  0.17303402
  0.09164274  0.20620207
  0.10821954  0.19755904
  0.12017577  0.18918817
  0.03499736  0.18978982
  0.08407436  0.18768973
  0.08296253  0.18054748
  0.09450943  0.19094475
  0.10816263  0.20545903
  0.08774653  0.19250469
  0.08959519  0.19558513
  0.00000000  0.18657509
 orbital           5 atom           1
 -0.34029260  1.00000000
 -0.02370583  0.03069506
  0.11600809  0.12772436
  0.16699782  0.09600520
  0.05864205  0.14237837
  0.08520645  0.13907400
  0.04469197  0.12513865
 -0.00969248  0.16103907
  0.05435061  0.15913100
  0.09565335  0.17906862
  0.11576291  0.17794983
  0.10198351  0.19385203
  0.08091570  0.19263647
  0.06227552  0.18125926
  0.07599230  0.18825845
  0.09063114  0.16721378
  0.07864384  0.19313495
  0.10461889  0.20087376
  0.10646630  0.19186882
  0.07440144  0.19603333
  0.00000000  0.18001526
 orbital           6 atom           1
 -0.30440719  1.00000000
  0.16913263  0.04469307
  0.04595882  0.14537531
  0.17476222  0.09677154
  0.03899063  0.14570116
  0.08596823  0.12318200
  0.07833060  0.14091396
 -0.00362080  0.15827646
  0.09439571  0.16994361
  0.09532995  0.19743871
  0.15930109  0.17031507
  0.07918447  0.20782549
  0.05966651  0.18432877
  0.08825321  0.17878101
  0.05053193  0.18548705
  0.12736776  0.16998549
  0.07055946  0.20416747
  0.10235118  0.19872558
  0.11693694  0.19147191
  0.05387174  0.18401679
  0.00000000  0.18963408
 orbital           7 atom           1
 -0.36765797  1.00000000
 -0.22042481  0.01669705
  0.18704549  0.11133448
  0.16840682  0.09766461
  0.07708341  0.13585101
  0.08339290  0.15767239
  0.02294684  0.11008607
 -0.00003259  0.16627624
  0.04601821  0.16113669
  0.12766682  0.17404494
  0.08028503  0.19538167
  0.11444447  0.17837880
  0.08638780  0.19343159
  0.03126855  0.17811181
  0.09928816  0.19156247
  0.06474871  0.16737449
  0.09656779  0.18286551
  0.09836226  0.20656858
  0.09573409  0.18967828
  0.08979601  0.20434645
  0.00000000  0.17202355
 orbital           8 atom           1
 -0.29307288  1.00000000
  0.16555658  0.04469307
  0.04163095  0.14742836
  0.17587055  0.09673005
  0.04655349  0.14397087
  0.08666043  0.12428371
  0.08763854  0.14474681
  0.02632452  0.16240195
  0.12517709  0.18375188
  0.10835749  0.21315316
  0.16658534  0.17363786
  0.04934374  0.19520619
  0.04778112  0.17914408
  0.09849678  0.17644536
  0.06202786  0.18922491
  0.15356388  0.18308735
  0.07728208  0.20644463
  0.09169891  0.19870543
  0.10339550  0.18869645
  0.05661026  0.17858723
  0.00000000  0.19231400
 orbital           9 atom           1
 -0.32510369  1.00000000
 -0.02933755  0.03069506
  0.11492210  0.13001595
  0.17673872  0.09831609
  0.06046173  0.13814261
  0.08214691  0.14181644
  0.05370878  0.12633226
  0.00258960  0.16127866
  0.06763939  0.16723132
  0.11282771  0.18644909
  0.13214249  0.18439544
  0.10621938  0.19657225
  0.08500891  0.19620124
  0.07176435  0.18206465
  0.07347370  0.19095819
  0.09839345  0.17075210
  0.08356517  0.19067139
  0.09613363  0.20291486
  0.11084218  0.19217751
  0.07716243  0.19420224
  0.00000000  0.18282436
 orbital          10 atom           1
  0.21152347  1.00000000
  0.00924627  0.26120475
  0.32434113  0.12192037
 -0.09845076  0.22119506
  0.12421974  0.12514746
  0.12069797  0.16060820
  0.05833462  0.22013251
  0.16882980  0.13949446
  0.06289162  0.21540109
  0.10140941  0.14686913
  0.13850395  0.20249454
  0.11736724  0.17867990
  0.09448925  0.17772210
  0.13625812  0.19373360
  0.08338597  0.16166680
  0.14160262  0.19979988
  0.10843423  0.17546612
  0.10812178  0.18063815
  0.12074676  0.18950459
  0.11843014  0.17135578
  0.00000000  0.19455053
 orbital          11 atom           1
  0.56092798  1.00000000
  0.08814843  0.15997244
  0.28314898  0.13077087
  0.05115242  0.15367154
  0.13650350  0.18101760
  0.14740654  0.14774414
  0.10288985  0.21590280
  0.17608899  0.15912637
  0.06744532  0.19477077
  0.14157340  0.16791123
  0.10386027  0.18167650
  0.12178993  0.18226698
  0.11295641  0.17480733
  0.13793915  0.19384842
  0.10835969  0.17470585
  0.12391566  0.18911568
  0.10585713  0.17694006
  0.11815770  0.17936854
  0.12558108  0.18552000
  0.11344480  0.18419673
  0.00000000  0.18216000
 orbital          12 atom           1
  0.55480463  1.00000000
  0.09011019  0.15997244
  0.28355644  0.12928227
  0.04574398  0.15550354
  0.14034280  0.17957593
  0.13657143  0.14513719
  0.10333811  0.21614452
  0.17395996  0.15676638
  0.06842112  0.19533412
  0.13866565  0.16804778
  0.10487543  0.18089156
  0.11855769  0.18123358
  0.10760240  0.17454506
  0.13863880  0.19084821
  0.10467263  0.17520360
  0.12519800  0.18820307
  0.10708235  0.17770098
  0.11363268  0.17843731
  0.12370828  0.18442782
  0.11009095  0.18279832
  0.00000000  0.18061265
 orbital          13 atom           1
  0.54868127  1.00000000
  0.09213376  0.15997244
  0.28420512  0.12772197
  0.03969688  0.15743784
  0.14534431  0.17818937
  0.12618341  0.14247984
  0.10419021  0.21713159
  0.17403708  0.15445397
  0.07117034  0.19677302
  0.14101391  0.16963789
  0.11231537  0.18281861
  0.11818141  0.18187543
  0.10228290  0.17543152
  0.13782948  0.18704210
  0.09769302  0.17435173
  0.12883095  0.18774106
  0.11010884  0.17846597
  0.11396746  0.17968281
  0.12267029  0.18445175
  0.10757530  0.18157271
  0.00000000  0.17891703
 orbital          14 atom           1
 -0.05194467  1.00000000
  0.09750134  0.03852634
  0.30695065  0.10802128
  0.19599301  0.11370268
  0.15735135  0.17519170
  0.16430359  0.14345405
  0.06882581  0.17216593
  0.15322260  0.16650526
  0.13313544  0.16081648
  0.10925954  0.18691270
  0.12724881  0.17588139
  0.11560246  0.16718547
  0.12309098  0.18512219
  0.11778738  0.17204595
  0.12210102  0.18926964
  0.13886057  0.17330470
  0.08205551  0.18151841
  0.14707342  0.18309271
  0.10145581  0.17040735
  0.12057763  0.19002680
  0.00000000  0.17900905
 orbital          15 atom           1
 -0.09172101  1.00000000
  0.27773051  0.05582880
  0.23511946  0.13192499
  0.23980966  0.10062815
  0.13386628  0.17697630
  0.16721283  0.13063774
  0.09208385  0.18373258
  0.14249943  0.16639464
  0.13496563  0.15915669
  0.12175056  0.19118800
  0.10416086  0.16644746
  0.15926441  0.18173026
  0.09638252  0.18097969
  0.12867093  0.17018564
  0.11858042  0.19259867
  0.12797463  0.16983719
  0.10360597  0.17993812
  0.13577579  0.19220867
  0.10866293  0.16523056
  0.12789615  0.19405114
  0.00000000  0.17716717
 orbital          16 atom           1
 -0.03353356  1.00000000
 -0.07746173  0.02122388
  0.37775011  0.08185879
  0.13871562  0.12667674
  0.18918818  0.17401661
  0.15358708  0.15389123
  0.04477244  0.16240483
  0.15800976  0.16173841
  0.12021112  0.16183745
  0.09732675  0.17918033
  0.15135267  0.18450564
  0.07288379  0.15569907
  0.15382321  0.18799646
  0.09583182  0.17350322
  0.12998360  0.18559763
  0.14220673  0.17155639
  0.06428519  0.18920478
  0.16422699  0.16939459
  0.08786950  0.18040058
  0.11817655  0.18303405
  0.00000000  0.18038331
 orbital          17 atom           1
 -0.10825452  1.00000000
  0.28283180  0.05582880
  0.24103042  0.12851996
  0.22583353  0.10325860
  0.14442349  0.17830389
  0.15989943  0.12738365
  0.08986777  0.18820216
  0.14892729  0.16157479
  0.12198420  0.16055802
  0.12825164  0.19053865
  0.09781634  0.16431822
  0.15719269  0.18177938
  0.09605105  0.17917416
  0.12528044  0.17102604
  0.12108933  0.19021854
  0.12318429  0.17110566
  0.10428976  0.17903422
  0.13370642  0.19011211
  0.10466754  0.16642367
  0.12915069  0.19155671
  0.00000000  0.17726689
 orbital          18 atom           1
 -0.08199977  1.00000000
  0.10538956  0.03852634
  0.30909856  0.10401947
  0.17536337  0.11493675
  0.17133032  0.17659806
  0.15309408  0.13953777
  0.06706119  0.17622755
  0.15092273  0.15933941
  0.11782943  0.16135072
  0.11698202  0.18452788
  0.12622799  0.17537017
  0.11582701  0.17050034
  0.12715615  0.18300589
  0.10383023  0.17170420
  0.12808415  0.18776002
  0.12934461  0.16890062
  0.08580544  0.18678227
  0.15073240  0.17786754
  0.09365756  0.17493674
  0.12471931  0.18600428
  0.00000000  0.17887373
 orbital           1 atom           1
  0.13756240  1.00000000
 -0.09448139  0.23843126
  0.22196645  0.12535601
 -0.10269837  0.17420085
 -0.12372312  0.12124938
  0.11129368  0.16075797
 -0.02215895  0.14965166
  0.05727088  0.16211796
  0.03950981  0.21323049
  0.10589993  0.15062276
  0.16142317  0.22831717
  0.05109090  0.20053309
  0.10405414  0.20031124
  0.03517089  0.17626940
  0.10539850  0.16916060
  0.05994904  0.21824350
  0.11265061  0.18239842
  0.12919984  0.20127302
  0.04312865  0.19524773
  0.10929295  0.20189118
  0.00000000  0.17445571
 orbital           2 atom           1
  0.43739684  1.00000000
 -0.01630377  0.13930530
  0.13300127  0.13869933
  0.05483059  0.13351951
 -0.02230398  0.13858674
  0.05552123  0.15698109
  0.00709175  0.16359411
  0.05606042  0.16723850
  0.04544225  0.16647593
  0.04792701  0.16212794
  0.07417345  0.19338167
  0.11379928  0.19568911
  0.14234719  0.19189349
  0.05506730  0.20467263
  0.07742770  0.18958382
  0.07232023  0.17667610
  0.07060853  0.18171207
  0.10893174  0.19942557
  0.10079994  0.19936038
  0.10406957  0.19769741
  0.00000000  0.19309690
 orbital           3 atom           1
  0.44352020  1.00000000
 -0.01771657  0.13930530
  0.13234357  0.13972779
  0.05636301  0.13346701
 -0.01743701  0.13722959
  0.06064913  0.16127327
  0.01852187  0.16679130
  0.07379090  0.17241962
  0.06241673  0.17363525
  0.08437560  0.17362577
  0.09165099  0.20630714
  0.10643461  0.19821164
  0.11806466  0.18671020
  0.03434156  0.18986133
  0.08123335  0.18707058
  0.08561107  0.18062581
  0.09274816  0.19049067
  0.10707970  0.20507893
  0.08587494  0.19307092
  0.08926835  0.19294064
  0.00000000  0.18753098
 orbital           4 atom           1
  0.44964355  1.00000000
 -0.01915884  0.13930530
  0.13173834  0.14077956
  0.05814980  0.13333047
 -0.01370195  0.13580463
  0.06282789  0.16498577
  0.02248850  0.16793169
  0.07692364  0.17283108
  0.05717306  0.17352296
  0.08490030  0.17303541
  0.09164617  0.20620404
  0.10822055  0.19756013
  0.12017346  0.18918789
  0.03499552  0.18978861
  0.08407543  0.18768958
  0.08296650  0.18054852
  0.09451476  0.19094707
  0.10816328  0.20546057
  0.08774517  0.19250436
  0.08959288  0.19558425
  0.00000000  0.18657455
 orbital           5 atom           1
 -0.34029257  1.00000000
 -0.02370669  0.03069504
  0.11600720  0.12772392
  0.16699637  0.09600487
  0.05864137  0.14237817
  0.08520561  0.13907362
  0.04469101  0.12513842
 -0.00969213  0.16103909
  0.05435260  0.15913132
  0.09565817  0.17907011
  0.11576787  0.17795216
  0.10198445  0.19385334
  0.08091292  0.19263589
  0.06227336  0.18125805
  0.07599245  0.18825796
  0.09063504  0.16721465
  0.07864873  0.19313697
  0.10462135  0.20087572
  0.10646524  0.19186917
  0.07439825  0.19603204
  0.00000000  0.18001469
 orbital           6 atom           1
 -0.30440717  1.00000000
  0.16913160  0.04469305
  0.04595798  0.14537487
  0.17476081  0.09677117
  0.03899000  0.14570098
  0.08596701  0.12318157
  0.07833026  0.14091374
 -0.00361990  0.15827670
  0.09439895  0.16994435
  0.09533485  0.19744070
  0.15930441  0.17031706
  0.07918213  0.20782544
  0.05966434  0.18432756
  0.08825252  0.17878046
  0.05053428  0.18548727
  0.12737318  0.16998738
  0.07056231  0.20416924
  0.10235157  0.19872655
  0.11693405  0.19147138
  0.05387115  0.18401559
  0.00000000  0.18963474
 orbital           7 atom           1
 -0.36765791  1.00000000
 -0.22042550  0.01669704
  0.18704458  0.11133403
  0.16840540  0.09766431
  0.07708263  0.13585080
  0.08339249  0.15767206
  0.02294555  0.11008584
 -0.00003194  0.16627625
  0.04602088  0.16113718
  0.12767217  0.17404676
  0.08028846  0.19538372
  0.11444568  0.17837996
  0.08638458  0.19343097
  0.03126683  0.17811052
  0.09928796  0.19156217
  0.06475189  0.16737488
  0.09657422  0.18286790
  0.09836467  0.20657077
  0.09573391  0.18967884
  0.08979120  0.20434507
  0.00000000  0.17202230
 orbital           8 atom           1
 -0.29307286  1.00000000
  0.16555556  0.04469305
  0.04163011  0.14742792
  0.17586915  0.09672968
  0.04655286  0.14397069
  0.08665935  0.12428332
  0.08763882  0.14474670
  0.02632685  0.16240254
  0.12518185  0.18375351
  0.10836042  0.21315517
  0.16658493  0.17363858
  0.04934067  0.19520500
  0.04778044  0.17914316
  0.09849856  0.17644567
  0.06203245  0.18922625
  0.15356881  0.18308996
  0.07728154  0.20644519
  0.09169691  0.19870489
  0.10339351  0.18869553
  0.05661270  0.17858707
  0.00000000  0.19231600
 orbital           9 atom           1
 -0.32510366  1.00000000
 -0.02933841  0.03069504
  0.11492123  0.13001550
  0.17673731  0.09831575
  0.06046096  0.13814241
  0.08214604  0.14181605
  0.05370781  0.12633199
  0.00258991  0.16127868
  0.06764145  0.16723167
  0.11283229  0.18645060
  0.13214642  0.18439753
  0.10621984  0.19657314
  0.08500671  0.19620071
  0.07176307  0.18206378
  0.07347442  0.19095804
  0.09839718  0.17075306
  0.08356960  0.19067323
  0.09613579  0.20291655
  0.11084155  0.19217797
  0.07715985  0.19420122
  0.00000000  0.18282392
 orbital          10 atom           1
  0.21152371  1.00000000
  0.00924722  0.26120502
  0.32434269  0.12192084
 -0.09844984  0.22119517
  0.12422206  0.12514820
  0.12070018  0.16060885
  0.05833460  0.22013276
  0.16883227  0.13949515
  0.06289133  0.21540090
  0.10141291  0.14686988
  0.13850465  0.20249545
  0.11736835  0.17868017
  0.09449080  0.17772239
  0.13625857  0.19373423
  0.08338934  0.16166719
  0.14160283  0.19980100
  0.10843559  0.17546615
  0.10812344  0.18063867
  0.12074770  0.18950514
  0.11843298  0.17135655
  0.00000000  0.19455084
 orbital          11 atom           1
  0.56092981  1.00000000
  0.08814945  0.15997290
  0.28315044  0.13077137
  0.05115393  0.15367184
  0.13650477  0.18101825
  0.14740867  0.14774468
  0.10289042  0.21590315
  0.17609083  0.15912706
  0.06744575  0.19477077
  0.14157475  0.16791177
  0.10386175  0.18167681
  0.12179172  0.18226769
  0.11295899  0.17480811
  0.13793983  0.19384921
  0.10836092  0.17470599
  0.12391601  0.18911605
  0.10585832  0.17694015
  0.11816026  0.17936931
  0.12558337  0.18552102
  0.11344597  0.18419734
  0.00000000  0.18216048
 orbital          12 atom           1
  0.55480646  1.00000000
  0.09011121  0.15997290
  0.28355790  0.12928276
  0.04574547  0.15550383
  0.14034406  0.17957660
  0.13657363  0.14513771
  0.10333865  0.21614491
  0.17396192  0.15676707
  0.06842156  0.19533414
  0.13866699  0.16804832
  0.10487675  0.18089185
  0.11855930  0.18123418
  0.10760483  0.17454577
  0.13863976  0.19084905
  0.10467407  0.17520382
  0.12519857  0.18820356
  0.10708332  0.17770108
  0.11363478  0.17843790
  0.12371031  0.18442869
  0.11009234  0.18279893
  0.00000000  0.18061327
 orbital          13 atom           1
  0.54868310  1.00000000
  0.09213479  0.15997290
  0.28420659  0.12772246
  0.03969833  0.15743812
  0.14534557  0.17819005
  0.12618567  0.14248033
  0.10419074  0.21713203
  0.17403927  0.15445467
  0.07117099  0.19677313
  0.14101568  0.16963858
  0.11231676  0.18281905
  0.11818263  0.18187593
  0.10228474  0.17543200
  0.13783043  0.18704280
  0.09769485  0.17435197
  0.12883216  0.18774187
  0.11011007  0.17846626
  0.11396909  0.17968336
  0.12267161  0.18445230
  0.10757648  0.18157310
  0.00000000  0.17891769
 orbital          14 atom           1
 -0.05194445  1.00000000
  0.09750234  0.03852638
  0.30695213  0.10802174
  0.19599473  0.11370299
  0.15735212  0.17519212
  0.16430544  0.14345448
  0.06882707  0.17216630
  0.15322393  0.16650588
  0.13313729  0.16081698
  0.10926022  0.18691303
  0.12724969  0.17588171
  0.11560462  0.16718600
  0.12309221  0.18512286
  0.11778982  0.17204659
  0.12210162  0.18927024
  0.13886157  0.17330508
  0.08205675  0.18151834
  0.14707455  0.18309364
  0.10145866  0.17040769
  0.12057896  0.19002781
  0.00000000  0.17900961
 orbital          15 atom           1
 -0.09172076  1.00000000
  0.27773173  0.05582886
  0.23512080  0.13192549
  0.23981150  0.10062854
  0.13386699  0.17697660
  0.16721508  0.13063827
  0.09208467  0.18373293
  0.14250079  0.16639513
  0.13496778  0.15915726
  0.12175108  0.19118844
  0.10416279  0.16644778
  0.15926580  0.18173115
  0.09638333  0.18097974
  0.12867339  0.17018639
  0.11858082  0.19259914
  0.12797636  0.16983763
  0.10360808  0.17993860
  0.13577575  0.19220938
  0.10866579  0.16523077
  0.12789675  0.19405202
  0.00000000  0.17716737
 orbital          16 atom           1
 -0.03353340  1.00000000
 -0.07746095  0.02122390
  0.37775176  0.08185921
  0.13871721  0.12667695
  0.18918897  0.17401719
  0.15358858  0.15389153
  0.04477405  0.16240525
  0.15801115  0.16173916
  0.12021270  0.16183788
  0.09732801  0.17918067
  0.15135295  0.18450615
  0.07288653  0.15569927
  0.15382439  0.18799763
  0.09583396  0.17350349
  0.12998433  0.18559843
  0.14220798  0.17155674
  0.06428562  0.18920448
  0.16422948  0.16939585
  0.08787125  0.18040071
  0.11817837  0.18303501
  0.00000000  0.18038405
 orbital          17 atom           1
 -0.10825427  1.00000000
  0.28283303  0.05582886
  0.24103178  0.12852046
  0.22583537  0.10325898
  0.14442416  0.17830423
  0.15990177  0.12738416
  0.08986846  0.18820252
  0.14892875  0.16157530
  0.12198631  0.16055853
  0.12825213  0.19053918
  0.09781825  0.16431847
  0.15719404  0.18178028
  0.09605198  0.17917423
  0.12528283  0.17102678
  0.12108988  0.19021907
  0.12318585  0.17110605
  0.10429178  0.17903468
  0.13370653  0.19011280
  0.10467028  0.16642387
  0.12915150  0.19155765
  0.00000000  0.17726709
 orbital          18 atom           1
 -0.08199955  1.00000000
  0.10539057  0.03852638
  0.30910008  0.10401993
  0.17536508  0.11493705
  0.17133104  0.17659853
  0.15309601  0.13953815
  0.06706230  0.17622795
  0.15092423  0.15934002
  0.11783142  0.16135122
  0.11698310  0.18452842
  0.12622909  0.17537059
  0.11582887  0.17050085
  0.12715702  0.18300645
  0.10383247  0.17170461
  0.12808482  0.18776075
  0.12934643  0.16890103
  0.08580655  0.18678245
  0.15073369  0.17786851
  0.09365944  0.17493678
  0.12472061  0.18600518
  0.00000000  0.17887418
 orbital           1 atom           1
  0.13756247  1.00000000
 -0.09448138  0.23843127
  0.22196644  0.12535594
 -0.10269849  0.17420088
 -0.12372320  0.12124936
  0.11129373  0.16075783
 -0.02215902  0.14965169
  0.05727106  0.16211804
  0.03951077  0.21323070
  0.10590121  0.15062309
  0.16142349  0.22831778
  0.05109064  0.20053301
  0.10405381  0.20031106
  0.03517101  0.17626924
  0.10539923  0.16916085
  0.05994985  0.21824391
  0.11265172  0.18239872
  0.12919952  0.20127326
  0.04312844  0.19524761
  0.10929303  0.20189106
  0.00000000  0.17445570
 orbital           2 atom           1
  0.43739676  1.00000000
 -0.01630377  0.13930528
  0.13300131  0.13869926
  0.05483046  0.13351949
 -0.02230407  0.13858675
  0.05552118  0.15698102
  0.00709174  0.16359411
  0.05606050  0.16723844
  0.04544250  0.16647598
  0.04792757  0.16212811
  0.07417451  0.19338206
  0.11380040  0.19568954
  0.14234719  0.19189377
  0.05506669  0.20467250
  0.07742758  0.18958355
  0.07232052  0.17667608
  0.07060966  0.18171242
  0.10893278  0.19942610
  0.10080024  0.19936066
  0.10406916  0.19769735
  0.00000000  0.19309666
 orbital           3 atom           1
  0.44352012  1.00000000
 -0.01771656  0.13930528
  0.13234361  0.13972771
  0.05636288  0.13346698
 -0.01743711  0.13722960
  0.06064911  0.16127320
  0.01852195  0.16679132
  0.07379116  0.17241962
  0.06241727  0.17363541
  0.08437644  0.17362607
  0.09165171  0.20630755
  0.10643498  0.19821181
  0.11806430  0.18671017
  0.03434135  0.18986124
  0.08123383  0.18707055
  0.08561182  0.18062603
  0.09274916  0.19049112
  0.10707994  0.20507921
  0.08587480  0.19307090
  0.08926819  0.19294053
  0.00000000  0.18753096
 orbital           4 atom           1
  0.44964347  1.00000000
 -0.01915883  0.13930528
  0.13173838  0.14077949
  0.05814967  0.13333044
 -0.01370206  0.13580464
  0.06282789  0.16498571
  0.02248858  0.16793171
  0.07692387  0.17283108
  0.05717354  0.17352310
  0.08490111  0.17303569
  0.09164690  0.20620444
  0.10822098  0.19756032
  0.12017311  0.18918788
  0.03499531  0.18978852
  0.08407588  0.18768955
  0.08296723  0.18054873
  0.09451578  0.19094754
  0.10816355  0.20546085
  0.08774506  0.19250436
  0.08959266  0.19558414
  0.00000000  0.18657450
 orbital           5 atom           1
 -0.34029227  1.00000000
 -0.02370668  0.03069505
  0.11600733  0.12772383
  0.16699625  0.09600482
  0.05864140  0.14237818
  0.08520561  0.13907356
  0.04469080  0.12513844
 -0.00969195  0.16103919
  0.05435315  0.15913139
  0.09565921  0.17907036
  0.11576876  0.17795258
  0.10198466  0.19385366
  0.08091259  0.19263584
  0.06227315  0.18125791
  0.07599278  0.18825786
  0.09063569  0.16721482
  0.07864963  0.19313745
  0.10462201  0.20087606
  0.10646516  0.19186926
  0.07439791  0.19603186
  0.00000000  0.18001462
 orbital           6 atom           1
 -0.30440689  1.00000000
  0.16913160  0.04469306
  0.04595809  0.14537479
  0.17476068  0.09677112
  0.03899005  0.14570099
  0.08596694  0.12318151
  0.07833022  0.14091376
 -0.00361964  0.15827682
  0.09439965  0.16994451
  0.09533597  0.19744103
  0.15930498  0.17031742
  0.07918180  0.20782557
  0.05966423  0.18432738
  0.08825250  0.17878041
  0.05053495  0.18548734
  0.12737408  0.16998772
  0.07056287  0.20416968
  0.10235197  0.19872669
  0.11693363  0.19147130
  0.05387111  0.18401549
  0.00000000  0.18963488
 orbital           7 atom           1
 -0.36765762  1.00000000
 -0.22042547  0.01669704
  0.18704473  0.11133392
  0.16840528  0.09766427
  0.07708262  0.13585081
  0.08339258  0.15767201
  0.02294522  0.11008586
 -0.00003171  0.16627637
  0.04602160  0.16113726
  0.12767323  0.17404706
  0.08028915  0.19538410
  0.11444597  0.17838020
  0.08638409  0.19343095
  0.03126672  0.17811040
  0.09928827  0.19156207
  0.06475247  0.16737497
  0.09657534  0.18286842
  0.09836524  0.20657119
  0.09573402  0.18967897
  0.08979068  0.20434482
  0.00000000  0.17202211
 orbital           8 atom           1
 -0.29307258  1.00000000
  0.16555555  0.04469306
  0.04163022  0.14742783
  0.17586903  0.09672963
  0.04655291  0.14397070
  0.08665930  0.12428327
  0.08763890  0.14474674
  0.02632733  0.16240271
  0.12518278  0.18375383
  0.10836125  0.21315550
  0.16658490  0.17363871
  0.04934017  0.19520495
  0.04778061  0.17914302
  0.09849894  0.17644574
  0.06203346  0.18922652
  0.15356967  0.18309041
  0.07728148  0.20644543
  0.09169690  0.19870480
  0.10339329  0.18869537
  0.05661316  0.17858713
  0.00000000  0.19231639
 orbital           9 atom           1
 -0.32510337  1.00000000
 -0.02933840  0.03069505
  0.11492136  0.13001541
  0.17673720  0.09831571
  0.06046096  0.13814242
  0.08214605  0.14181600
  0.05370760  0.12633200
  0.00259006  0.16127878
  0.06764202  0.16723175
  0.11283331  0.18645085
  0.13214715  0.18439791
  0.10621996  0.19657340
  0.08500650  0.19620067
  0.07176298  0.18206369
  0.07347483  0.19095802
  0.09839785  0.17075323
  0.08357037  0.19067367
  0.09613641  0.20291686
  0.11084159  0.19217806
  0.07715958  0.19420109
  0.00000000  0.18282389
 orbital          10 atom           1
  0.21152386  1.00000000
  0.00924759  0.26120506
  0.32434311  0.12192092
 -0.09844949  0.22119522
  0.12422280  0.12514833
  0.12070067  0.16060902
  0.05833487  0.22013280
  0.16883285  0.13949527
  0.06289143  0.21540086
  0.10141384  0.14687004
  0.13850495  0.20249565
  0.11736868  0.17868020
  0.09449128  0.17772247
  0.13625883  0.19373430
  0.08339019  0.16166731
  0.14160305  0.19980121
  0.10843599  0.17546613
  0.10812392  0.18063880
  0.12074810  0.18950523
  0.11843371  0.17135670
  0.00000000  0.19455094
 orbital          11 atom           1
  0.56093033  1.00000000
  0.08814983  0.15997299
  0.28315089  0.13077145
  0.05115433  0.15367193
  0.13650530  0.18101837
  0.14740916  0.14774479
  0.10289078  0.21590324
  0.17609132  0.15912716
  0.06744601  0.19477080
  0.14157521  0.16791186
  0.10386219  0.18167689
  0.12179223  0.18226781
  0.11295965  0.17480827
  0.13794014  0.19384935
  0.10836134  0.17470603
  0.12391627  0.18911612
  0.10585872  0.17694019
  0.11816091  0.17936944
  0.12558394  0.18552123
  0.11344640  0.18419744
  0.00000000  0.18216058
 orbital          12 atom           1
  0.55480698  1.00000000
  0.09011159  0.15997299
  0.28355835  0.12928284
  0.04574585  0.15550391
  0.14034460  0.17957671
  0.13657411  0.14513782
  0.10333902  0.21614501
  0.17396242  0.15676717
  0.06842182  0.19533418
  0.13866746  0.16804841
  0.10487717  0.18089193
  0.11855978  0.18123429
  0.10760548  0.17454591
  0.13864011  0.19084920
  0.10467453  0.17520387
  0.12519887  0.18820366
  0.10708368  0.17770111
  0.11363536  0.17843801
  0.12371085  0.18442886
  0.11009281  0.18279903
  0.00000000  0.18061341
 orbital          13 atom           1
  0.54868362  1.00000000
  0.09213516  0.15997299
  0.28420704  0.12772254
  0.03969873  0.15743820
  0.14534609  0.17819016
  0.12618617  0.14248043
  0.10419111  0.21713213
  0.17403980  0.15445478
  0.07117129  0.19677318
  0.14101621  0.16963869
  0.11231719  0.18281916
  0.11818302  0.18187602
  0.10228529  0.17543210
  0.13783077  0.18704292
  0.09769538  0.17435204
  0.12883257  0.18774201
  0.11011047  0.17846632
  0.11396958  0.17968345
  0.12267202  0.18445243
  0.10757691  0.18157316
  0.00000000  0.17891783
 orbital          14 atom           1
 -0.05194411  1.00000000
  0.09750272  0.03852639
  0.30695265  0.10802181
  0.19599513  0.11370307
  0.15735249  0.17519221
  0.16430593  0.14345456
  0.06882749  0.17216640
  0.15322440  0.16650598
  0.13313779  0.16081709
  0.10926052  0.18691311
  0.12725008  0.17588174
  0.11560513  0.16718611
  0.12309268  0.18512298
  0.11779039  0.17204670
  0.12210199  0.18927038
  0.13886188  0.17330512
  0.08205718  0.18151839
  0.14707500  0.18309376
  0.10145926  0.17040779
  0.12057947  0.19002800
  0.00000000  0.17900970
 orbital          15 atom           1
 -0.09172041  1.00000000
  0.27773214  0.05582888
  0.23512130  0.13192556
  0.23981192  0.10062863
  0.13386735  0.17697666
  0.16721565  0.13063837
  0.09208500  0.18373302
  0.14250126  0.16639520
  0.13496836  0.15915740
  0.12175133  0.19118852
  0.10416338  0.16644785
  0.15926621  0.18173131
  0.09638368  0.18097976
  0.12867400  0.17018652
  0.11858112  0.19259924
  0.12797685  0.16983768
  0.10360863  0.17993875
  0.13577601  0.19220945
  0.10866642  0.16523084
  0.12789711  0.19405219
  0.00000000  0.17716741
 orbital          16 atom           1
 -0.03353307  1.00000000
 -0.07746061  0.02122391
  0.37775230  0.08185927
  0.13871757  0.12667702
  0.18918934  0.17401729
  0.15358898  0.15389157
  0.04477457  0.16240536
  0.15801164  0.16173928
  0.12021316  0.16183797
  0.09732841  0.17918077
  0.15135324  0.18450619
  0.07288711  0.15569934
  0.15382489  0.18799784
  0.09583445  0.17350355
  0.12998478  0.18559859
  0.14220823  0.17155678
  0.06428599  0.18920448
  0.16423012  0.16939603
  0.08787168  0.18040080
  0.11817899  0.18303517
  0.00000000  0.18038419
 orbital          17 atom           1
 -0.10825391  1.00000000
  0.28283343  0.05582888
  0.24103228  0.12852053
  0.22583579  0.10325907
  0.14442453  0.17830429
  0.15990234  0.12738425
  0.08986879  0.18820262
  0.14892922  0.16157536
  0.12198687  0.16055867
  0.12825240  0.19053926
  0.09781882  0.16431854
  0.15719445  0.18178044
  0.09605234  0.17917425
  0.12528344  0.17102692
  0.12109020  0.19021918
  0.12318630  0.17110609
  0.10429232  0.17903483
  0.13370680  0.19011288
  0.10467089  0.16642394
  0.12915189  0.19155783
  0.00000000  0.17726713
 orbital          18 atom           1
 -0.08199922  1.00000000
  0.10539094  0.03852639
  0.30910060  0.10401999
  0.17536549  0.11493713
  0.17133140  0.17659862
  0.15309649  0.13953822
  0.06706272  0.17622805
  0.15092472  0.15934012
  0.11783195  0.16135134
  0.11698348  0.18452853
  0.12622951  0.17537065
  0.11582935  0.17050096
  0.12715742  0.18300655
  0.10383300  0.17170469
  0.12808523  0.18776089
  0.12934684  0.16890109
  0.08580701  0.18678253
  0.15073413  0.17786864
  0.09365992  0.17493684
  0.12472110  0.18600534
  0.00000000  0.17887426
 orbital           1 atom           1
  0.13756250  1.00000000
 -0.09448131  0.23843130
  0.22196653  0.12535599
 -0.10269842  0.17420090
 -0.12372305  0.12124940
  0.11129382  0.16075792
 -0.02215894  0.14965170
  0.05727105  0.16211806
  0.03951049  0.21323063
  0.10590087  0.15062298
  0.16142340  0.22831763
  0.05109083  0.20053308
  0.10405404  0.20031116
  0.03517106  0.17626932
  0.10539903  0.16916083
  0.05994960  0.21824379
  0.11265146  0.18239861
  0.12919967  0.20127323
  0.04312861  0.19524772
  0.10929312  0.20189112
  0.00000000  0.17445572
 orbital           2 atom           1
  0.43739690  1.00000000
 -0.01630369  0.13930532
  0.13300140  0.13869930
  0.05483056  0.13351952
 -0.02230396  0.13858678
  0.05552128  0.15698108
  0.00709183  0.16359415
  0.05606056  0.16723849
  0.04544246  0.16647599
  0.04792743  0.16212808
  0.07417420  0.19338196
  0.11380011  0.19568940
  0.14234725  0.19189370
  0.05506698  0.20467260
  0.07742776  0.18958367
  0.07232048  0.17667612
  0.07060932  0.18171234
  0.10893248  0.19942594
  0.10080022  0.19936059
  0.10406940  0.19769741
  0.00000000  0.19309679
 orbital           3 atom           1
  0.44352026  1.00000000
 -0.01771648  0.13930532
  0.13234370  0.13972776
  0.05636298  0.13346702
 -0.01743699  0.13722963
  0.06064920  0.16127326
  0.01852200  0.16679135
  0.07379115  0.17241964
  0.06241712  0.17363538
  0.08437620  0.17362599
  0.09165153  0.20630744
  0.10643497  0.19821178
  0.11806450  0.18671022
  0.03434149  0.18986133
  0.08123377  0.18707059
  0.08561160  0.18062598
  0.09274887  0.19049100
  0.10707993  0.20507914
  0.08587495  0.19307094
  0.08926834  0.19294061
  0.00000000  0.18753100
 orbital           4 atom           1
  0.44964362  1.00000000
 -0.01915876  0.13930532
  0.13173847  0.14077953
  0.05814977  0.13333048
 -0.01370194  0.13580468
  0.06282797  0.16498576
  0.02248864  0.16793174
  0.07692387  0.17283111
  0.05717342  0.17352308
  0.08490089  0.17303562
  0.09164671  0.20620433
  0.10822095  0.19756028
  0.12017330  0.18918792
  0.03499545  0.18978861
  0.08407584  0.18768959
  0.08296702  0.18054868
  0.09451548  0.19094741
  0.10816354  0.20546078
  0.08774519  0.19250440
  0.08959284  0.19558422
  0.00000000  0.18657455
 orbital           5 atom           1
 -0.34029228  1.00000000
 -0.02370660  0.03069505
  0.11600741  0.12772387
  0.16699638  0.09600486
  0.05864147  0.14237820
  0.08520569  0.13907360
  0.04469090  0.12513847
 -0.00969195  0.16103920
  0.05435307  0.15913139
  0.09565893  0.17907028
  0.11576848  0.17795245
  0.10198463  0.19385359
  0.08091281  0.19263590
  0.06227335  0.18125800
  0.07599278  0.18825791
  0.09063550  0.16721479
  0.07864935  0.19313734
  0.10462189  0.20087596
  0.10646527  0.19186926
  0.07439812  0.19603196
  0.00000000  0.18001468
 orbital           6 atom           1
 -0.30440689  1.00000000
  0.16913170  0.04469306
  0.04595816  0.14537483
  0.17476081  0.09677116
  0.03899011  0.14570102
  0.08596706  0.12318156
  0.07833026  0.14091379
 -0.00361967  0.15827681
  0.09439948  0.16994449
  0.09533567  0.19744091
  0.15930483  0.17031731
  0.07918197  0.20782559
  0.05966440  0.18432748
  0.08825260  0.17878047
  0.05053481  0.18548733
  0.12737379  0.16998763
  0.07056271  0.20416958
  0.10235199  0.19872665
  0.11693385  0.19147136
  0.05387118  0.18401557
  0.00000000  0.18963487
 orbital           7 atom           1
 -0.36765765  1.00000000
 -0.22042541  0.01669704
  0.18704480  0.11133397
  0.16840542  0.09766430
  0.07708270  0.13585083
  0.08339261  0.15767205
  0.02294535  0.11008589
 -0.00003173  0.16627639
  0.04602147  0.16113725
  0.12767292  0.17404697
  0.08028894  0.19538398
  0.11444595  0.17838015
  0.08638433  0.19343101
  0.03126688  0.17811050
  0.09928829  0.19156213
  0.06475231  0.16737495
  0.09657498  0.18286830
  0.09836510  0.20657108
  0.09573408  0.18967895
  0.08979098  0.20434493
  0.00000000  0.17202220
 orbital           8 atom           1
 -0.29307258  1.00000000
  0.16555565  0.04469306
  0.04163030  0.14742788
  0.17586916  0.09672967
  0.04655297  0.14397072
  0.08665941  0.12428331
  0.08763890  0.14474676
  0.02632721  0.16240268
  0.12518252  0.18375375
  0.10836108  0.21315539
  0.16658500  0.17363869
  0.04934038  0.19520504
  0.04778069  0.17914310
  0.09849889  0.17644575
  0.06203319  0.18922644
  0.15356941  0.18309028
  0.07728154  0.20644540
  0.09169707  0.19870486
  0.10339344  0.18869546
  0.05661305  0.17858715
  0.00000000  0.19231629
 orbital           9 atom           1
 -0.32510338  1.00000000
 -0.02933831  0.03069505
  0.11492144  0.13001545
  0.17673733  0.09831574
  0.06046104  0.13814244
  0.08214612  0.14181604
  0.05370770  0.12633203
  0.00259007  0.16127879
  0.06764193  0.16723175
  0.11283304  0.18645077
  0.13214694  0.18439779
  0.10621997  0.19657336
  0.08500667  0.19620073
  0.07176312  0.18206376
  0.07347480  0.19095804
  0.09839766  0.17075319
  0.08357013  0.19067357
  0.09613630  0.20291678
  0.11084167  0.19217805
  0.07715976  0.19420117
  0.00000000  0.18282394
 orbital          10 atom           1
  0.21152384  1.00000000
  0.00924755  0.26120505
  0.32434305  0.12192091
 -0.09844953  0.22119522
  0.12422271  0.12514831
  0.12070060  0.16060900
  0.05833484  0.22013280
  0.16883278  0.13949525
  0.06289141  0.21540087
  0.10141373  0.14687002
  0.13850492  0.20249562
  0.11736863  0.17868020
  0.09449122  0.17772246
  0.13625880  0.19373429
  0.08339008  0.16166730
  0.14160303  0.19980119
  0.10843594  0.17546613
  0.10812385  0.18063879
  0.12074806  0.18950522
  0.11843361  0.17135668
  0.00000000  0.19455093
 orbital          11 atom           1
  0.56093027  1.00000000
  0.08814978  0.15997298
  0.28315083  0.13077144
  0.05115427  0.15367192
  0.13650524  0.18101835
  0.14740910  0.14774478
  0.10289074  0.21590323
  0.17609126  0.15912715
  0.06744599  0.19477080
  0.14157517  0.16791185
  0.10386214  0.18167688
  0.12179213  0.18226779
  0.11295955  0.17480823
  0.13794009  0.19384933
  0.10836132  0.17470603
  0.12391627  0.18911613
  0.10585868  0.17694019
  0.11816079  0.17936942
  0.12558383  0.18552119
  0.11344635  0.18419742
  0.00000000  0.18216058
 orbital          12 atom           1
  0.55480691  1.00000000
  0.09011155  0.15997298
  0.28355830  0.12928283
  0.04574580  0.15550391
  0.14034454  0.17957670
  0.13657404  0.14513780
  0.10333898  0.21614500
  0.17396236  0.15676716
  0.06842180  0.19533418
  0.13866742  0.16804841
  0.10487712  0.18089192
  0.11855969  0.18123427
  0.10760538  0.17454589
  0.13864005  0.19084917
  0.10467449  0.17520387
  0.12519885  0.18820366
  0.10708365  0.17770112
  0.11363526  0.17843799
  0.12371076  0.18442883
  0.11009274  0.18279901
  0.00000000  0.18061339
 orbital          13 atom           1
  0.54868355  1.00000000
  0.09213512  0.15997298
  0.28420698  0.12772253
  0.03969868  0.15743819
  0.14534603  0.17819014
  0.12618610  0.14248042
  0.10419107  0.21713212
  0.17403973  0.15445477
  0.07117126  0.19677317
  0.14101615  0.16963868
  0.11231714  0.18281914
  0.11818297  0.18187601
  0.10228523  0.17543209
  0.13783072  0.18704291
  0.09769532  0.17435203
  0.12883252  0.18774200
  0.11011042  0.17846631
  0.11396951  0.17968344
  0.12267198  0.18445242
  0.10757685  0.18157315
  0.00000000  0.17891782
 orbital          14 atom           1
 -0.05194415  1.00000000
  0.09750267  0.03852639
  0.30695259  0.10802180
  0.19599507  0.11370306
  0.15735244  0.17519220
  0.16430587  0.14345455
  0.06882744  0.17216640
  0.15322435  0.16650596
  0.13313773  0.16081708
  0.10926050  0.18691311
  0.12725004  0.17588175
  0.11560506  0.16718610
  0.12309261  0.18512296
  0.11779030  0.17204668
  0.12210196  0.18927036
  0.13886186  0.17330512
  0.08205714  0.18151840
  0.14707495  0.18309374
  0.10145915  0.17040777
  0.12057940  0.19002797
  0.00000000  0.17900969
 orbital          15 atom           1
 -0.09172044  1.00000000
  0.27773210  0.05582888
  0.23512124  0.13192555
  0.23981186  0.10062862
  0.13386731  0.17697666
  0.16721557  0.13063836
  0.09208496  0.18373301
  0.14250120  0.16639519
  0.13496829  0.15915738
  0.12175130  0.19118851
  0.10416331  0.16644785
  0.15926615  0.18173129
  0.09638364  0.18097976
  0.12867391  0.17018651
  0.11858109  0.19259923
  0.12797678  0.16983767
  0.10360856  0.17993874
  0.13577599  0.19220944
  0.10866633  0.16523083
  0.12789706  0.19405217
  0.00000000  0.17716740
 orbital          16 atom           1
 -0.03353311  1.00000000
 -0.07746065  0.02122391
  0.37775224  0.08185926
  0.13871752  0.12667701
  0.18918930  0.17401728
  0.15358892  0.15389157
  0.04477451  0.16240535
  0.15801158  0.16173926
  0.12021310  0.16183797
  0.09732839  0.17918077
  0.15135320  0.18450619
  0.07288702  0.15569933
  0.15382482  0.18799781
  0.09583438  0.17350354
  0.12998474  0.18559858
  0.14220821  0.17155679
  0.06428595  0.18920449
  0.16423003  0.16939601
  0.08787159  0.18040078
  0.11817892  0.18303514
  0.00000000  0.18038417
 orbital          17 atom           1
 -0.10825394  1.00000000
  0.28283339  0.05582888
  0.24103222  0.12852051
  0.22583574  0.10325906
  0.14442449  0.17830429
  0.15990226  0.12738424
  0.08986875  0.18820261
  0.14892916  0.16157535
  0.12198680  0.16055865
  0.12825237  0.19053925
  0.09781876  0.16431853
  0.15719439  0.18178042
  0.09605230  0.17917425
  0.12528335  0.17102690
  0.12109017  0.19021917
  0.12318624  0.17110609
  0.10429225  0.17903482
  0.13370678  0.19011287
  0.10467081  0.16642393
  0.12915184  0.19155780
  0.00000000  0.17726712
 orbital          18 atom           1
 -0.08199925  1.00000000
  0.10539090  0.03852639
  0.30910054  0.10401999
  0.17536543  0.11493712
  0.17133136  0.17659861
  0.15309642  0.13953821
  0.06706267  0.17622804
  0.15092466  0.15934010
  0.11783188  0.16135133
  0.11698344  0.18452852
  0.12622946  0.17537065
  0.11582929  0.17050095
  0.12715738  0.18300654
  0.10383293  0.17170469
  0.12808518  0.18776088
  0.12934678  0.16890108
  0.08580695  0.18678253
  0.15073409  0.17786862
  0.09365985  0.17493683
  0.12472104  0.18600532
  0.00000000  0.17887425
 orbital           1 atom           1
  0.13756253  1.00000000
 -0.09448126  0.23843132
  0.22196660  0.12535601
 -0.10269838  0.17420092
 -0.12372294  0.12124942
  0.11129390  0.16075796
 -0.02215888  0.14965171
  0.05727110  0.16211810
  0.03951044  0.21323062
  0.10590088  0.15062297
  0.16142340  0.22831763
  0.05109092  0.20053310
  0.10405414  0.20031120
  0.03517113  0.17626935
  0.10539905  0.16916085
  0.05994955  0.21824377
  0.11265148  0.18239860
  0.12919975  0.20127326
  0.04312871  0.19524776
  0.10929317  0.20189115
  0.00000000  0.17445572
 orbital           2 atom           1
  0.43739700  1.00000000
 -0.01630363  0.13930534
  0.13300147  0.13869933
  0.05483062  0.13351954
 -0.02230388  0.13858681
  0.05552135  0.15698111
  0.00709190  0.16359417
  0.05606063  0.16723852
  0.04544249  0.16647601
  0.04792744  0.16212809
  0.07417418  0.19338196
  0.11380009  0.19568938
  0.14234731  0.19189371
  0.05506709  0.20467265
  0.07742786  0.18958372
  0.07232051  0.17667614
  0.07060929  0.18171234
  0.10893246  0.19942593
  0.10080026  0.19936059
  0.10406951  0.19769745
  0.00000000  0.19309684
 orbital           3 atom           1
  0.44352035  1.00000000
 -0.01771642  0.13930534
  0.13234377  0.13972778
  0.05636304  0.13346704
 -0.01743692  0.13722966
  0.06064927  0.16127329
  0.01852207  0.16679137
  0.07379120  0.17241967
  0.06241712  0.17363538
  0.08437619  0.17362599
  0.09165154  0.20630744
  0.10643503  0.19821178
  0.11806459  0.18671025
  0.03434157  0.18986137
  0.08123382  0.18707061
  0.08561159  0.18062598
  0.09274885  0.19049098
  0.10707998  0.20507915
  0.08587504  0.19307097
  0.08926843  0.19294065
  0.00000000  0.18753103
 orbital           4 atom           1
  0.44964371  1.00000000
 -0.01915870  0.13930534
  0.13173855  0.14077956
  0.05814983  0.13333050
 -0.01370187  0.13580470
  0.06282805  0.16498580
  0.02248870  0.16793176
  0.07692391  0.17283113
  0.05717342  0.17352308
  0.08490088  0.17303562
  0.09164672  0.20620433
  0.10822100  0.19756028
  0.12017339  0.18918795
  0.03499553  0.18978864
  0.08407589  0.18768962
  0.08296701  0.18054869
  0.09451546  0.19094739
  0.10816358  0.20546078
  0.08774528  0.19250443
  0.08959294  0.19558426
  0.00000000  0.18657458
 orbital           5 atom           1
 -0.34029225  1.00000000
 -0.02370653  0.03069505
  0.11600748  0.12772389
  0.16699647  0.09600488
  0.05864152  0.14237822
  0.08520575  0.13907362
  0.04469095  0.12513849
 -0.00969191  0.16103922
  0.05435312  0.15913141
  0.09565890  0.17907028
  0.11576845  0.17795243
  0.10198466  0.19385360
  0.08091291  0.19263593
  0.06227346  0.18125805
  0.07599283  0.18825794
  0.09063550  0.16721480
  0.07864933  0.19313734
  0.10462191  0.20087595
  0.10646535  0.19186927
  0.07439821  0.19603199
  0.00000000  0.18001471
 orbital           6 atom           1
 -0.30440686  1.00000000
  0.16913177  0.04469306
  0.04595824  0.14537485
  0.17476090  0.09677118
  0.03899016  0.14570103
  0.08596714  0.12318158
  0.07833030  0.14091381
 -0.00361964  0.15827682
  0.09439950  0.16994451
  0.09533563  0.19744089
  0.15930486  0.17031730
  0.07918204  0.20782562
  0.05966451  0.18432752
  0.08825268  0.17878051
  0.05053481  0.18548734
  0.12737378  0.16998763
  0.07056269  0.20416957
  0.10235207  0.19872666
  0.11693394  0.19147140
  0.05387124  0.18401561
  0.00000000  0.18963490
 orbital           7 atom           1
 -0.36765761  1.00000000
 -0.22042535  0.01669705
  0.18704489  0.11133399
  0.16840550  0.09766431
  0.07708276  0.13585085
  0.08339265  0.15767207
  0.02294542  0.11008591
 -0.00003170  0.16627642
  0.04602151  0.16113727
  0.12767289  0.17404696
  0.08028892  0.19538395
  0.11444600  0.17838016
  0.08638443  0.19343105
  0.03126699  0.17811054
  0.09928835  0.19156216
  0.06475232  0.16737496
  0.09657495  0.18286830
  0.09836509  0.20657107
  0.09573416  0.18967896
  0.08979109  0.20434497
  0.00000000  0.17202224
 orbital           8 atom           1
 -0.29307255  1.00000000
  0.16555572  0.04469306
  0.04163037  0.14742790
  0.17586924  0.09672969
  0.04655302  0.14397074
  0.08665949  0.12428333
  0.08763893  0.14474679
  0.02632722  0.16240269
  0.12518251  0.18375375
  0.10836108  0.21315536
  0.16658508  0.17363871
  0.04934046  0.19520508
  0.04778078  0.17914314
  0.09849892  0.17644577
  0.06203316  0.18922643
  0.15356940  0.18309028
  0.07728158  0.20644541
  0.09169719  0.19870489
  0.10339352  0.18869550
  0.05661307  0.17858717
  0.00000000  0.19231630
 orbital           9 atom           1
 -0.32510335  1.00000000
 -0.02933825  0.03069505
  0.11492151  0.13001547
  0.17673741  0.09831576
  0.06046109  0.13814246
  0.08214619  0.14181606
  0.05370776  0.12633206
  0.00259010  0.16127882
  0.06764198  0.16723177
  0.11283302  0.18645076
  0.13214694  0.18439778
  0.10622001  0.19657338
  0.08500677  0.19620076
  0.07176321  0.18206381
  0.07347483  0.19095806
  0.09839767  0.17075320
  0.08357011  0.19067357
  0.09613633  0.20291678
  0.11084174  0.19217807
  0.07715985  0.19420121
  0.00000000  0.18282397
 orbital          10 atom           1
  0.21152385  1.00000000
  0.00924758  0.26120506
  0.32434309  0.12192092
 -0.09844950  0.22119523
  0.12422278  0.12514833
  0.12070065  0.16060902
  0.05833486  0.22013281
  0.16883284  0.13949526
  0.06289142  0.21540087
  0.10141381  0.14687004
  0.13850495  0.20249564
  0.11736866  0.17868021
  0.09449127  0.17772248
  0.13625882  0.19373430
  0.08339015  0.16166731
  0.14160305  0.19980121
  0.10843598  0.17546613
  0.10812390  0.18063881
  0.12074809  0.18950523
  0.11843367  0.17135670
  0.00000000  0.19455095
 orbital          11 atom           1
  0.56093032  1.00000000
  0.08814982  0.15997300
  0.28315087  0.13077145
  0.05115431  0.15367193
  0.13650528  0.18101837
  0.14740914  0.14774479
  0.10289078  0.21590325
  0.17609132  0.15912717
  0.06744602  0.19477081
  0.14157523  0.16791187
  0.10386218  0.18167690
  0.12179216  0.18226780
  0.11295959  0.17480824
  0.13794012  0.19384934
  0.10836138  0.17470605
  0.12391632  0.18911615
  0.10585872  0.17694021
  0.11816082  0.17936943
  0.12558385  0.18552120
  0.11344639  0.18419742
  0.00000000  0.18216060
 orbital          12 atom           1
  0.55480696  1.00000000
  0.09011158  0.15997300
  0.28355834  0.12928284
  0.04574584  0.15550392
  0.14034458  0.17957671
  0.13657409  0.14513782
  0.10333901  0.21614502
  0.17396242  0.15676718
  0.06842183  0.19533419
  0.13866748  0.16804842
  0.10487717  0.18089194
  0.11855972  0.18123429
  0.10760542  0.17454590
  0.13864008  0.19084919
  0.10467455  0.17520388
  0.12519890  0.18820368
  0.10708369  0.17770113
  0.11363530  0.17843801
  0.12371079  0.18442885
  0.11009278  0.18279901
  0.00000000  0.18061341
 orbital          13 atom           1
  0.54868361  1.00000000
  0.09213515  0.15997300
  0.28420703  0.12772254
  0.03969871  0.15743821
  0.14534608  0.17819016
  0.12618615  0.14248044
  0.10419111  0.21713213
  0.17403978  0.15445478
  0.07117128  0.19677318
  0.14101620  0.16963869
  0.11231718  0.18281916
  0.11818301  0.18187603
  0.10228528  0.17543210
  0.13783075  0.18704293
  0.09769537  0.17435204
  0.12883255  0.18774201
  0.11011046  0.17846632
  0.11396956  0.17968345
  0.12267201  0.18445243
  0.10757689  0.18157316
  0.00000000  0.17891783
 orbital          14 atom           1
 -0.05194412  1.00000000
  0.09750271  0.03852639
  0.30695264  0.10802181
  0.19599511  0.11370307
  0.15735247  0.17519221
  0.16430591  0.14345456
  0.06882748  0.17216641
  0.15322439  0.16650597
  0.13313778  0.16081710
  0.10926054  0.18691313
  0.12725009  0.17588176
  0.11560510  0.16718611
  0.12309264  0.18512297
  0.11779035  0.17204669
  0.12210200  0.18927038
  0.13886191  0.17330513
  0.08205719  0.18151842
  0.14707498  0.18309376
  0.10145918  0.17040778
  0.12057944  0.19002798
  0.00000000  0.17900970
 orbital          15 atom           1
 -0.09172041  1.00000000
  0.27773214  0.05582888
  0.23512129  0.13192556
  0.23981190  0.10062863
  0.13386734  0.17697667
  0.16721562  0.13063837
  0.09208499  0.18373302
  0.14250124  0.16639520
  0.13496834  0.15915740
  0.12175132  0.19118852
  0.10416337  0.16644786
  0.15926619  0.18173131
  0.09638367  0.18097977
  0.12867397  0.17018652
  0.11858112  0.19259924
  0.12797682  0.16983768
  0.10360861  0.17993876
  0.13577601  0.19220945
  0.10866639  0.16523084
  0.12789709  0.19405219
  0.00000000  0.17716741
 orbital          16 atom           1
 -0.03353308  1.00000000
 -0.07746062  0.02122391
  0.37775229  0.08185927
  0.13871755  0.12667702
  0.18918933  0.17401730
  0.15358896  0.15389158
  0.04477456  0.16240536
  0.15801163  0.16173927
  0.12021314  0.16183798
  0.09732843  0.17918079
  0.15135323  0.18450620
  0.07288707  0.15569934
  0.15382486  0.18799783
  0.09583442  0.17350354
  0.12998479  0.18559860
  0.14220825  0.17155680
  0.06428599  0.18920450
  0.16423008  0.16939603
  0.08787161  0.18040079
  0.11817897  0.18303516
  0.00000000  0.18038419
 orbital          17 atom           1
 -0.10825391  1.00000000
  0.28283343  0.05582888
  0.24103226  0.12852052
  0.22583578  0.10325907
  0.14442452  0.17830430
  0.15990232  0.12738425
  0.08986878  0.18820262
  0.14892920  0.16157536
  0.12198686  0.16055867
  0.12825239  0.19053927
  0.09781881  0.16431854
  0.15719443  0.18178044
  0.09605232  0.17917426
  0.12528341  0.17102692
  0.12109019  0.19021918
  0.12318629  0.17110610
  0.10429230  0.17903484
  0.13370680  0.19011289
  0.10467086  0.16642394
  0.12915187  0.19155783
  0.00000000  0.17726713
 orbital          18 atom           1
 -0.08199922  1.00000000
  0.10539093  0.03852639
  0.30910059  0.10401999
  0.17536547  0.11493713
  0.17133139  0.17659862
  0.15309647  0.13953822
  0.06706271  0.17622805
  0.15092470  0.15934011
  0.11783193  0.16135134
  0.11698347  0.18452854
  0.12622950  0.17537066
  0.11582933  0.17050096
  0.12715741  0.18300655
  0.10383298  0.17170470
  0.12808522  0.18776089
  0.12934682  0.16890109
  0.08580699  0.18678254
  0.15073413  0.17786864
  0.09365989  0.17493684
  0.12472109  0.18600534
  0.00000000  0.17887426
 orbital           1 atom           1
  0.13756254  1.00000000
 -0.09448125  0.23843133
  0.22196662  0.12535602
 -0.10269836  0.17420093
 -0.12372291  0.12124943
  0.11129393  0.16075798
 -0.02215885  0.14965172
  0.05727112  0.16211811
  0.03951043  0.21323062
  0.10590092  0.15062298
  0.16142341  0.22831764
  0.05109095  0.20053311
  0.10405416  0.20031122
  0.03517116  0.17626936
  0.10539908  0.16916087
  0.05994953  0.21824377
  0.11265151  0.18239861
  0.12919978  0.20127327
  0.04312874  0.19524777
  0.10929318  0.20189117
  0.00000000  0.17445573
 orbital           2 atom           1
  0.43739703  1.00000000
 -0.01630361  0.13930535
  0.13300149  0.13869934
  0.05483064  0.13351955
 -0.02230386  0.13858682
  0.05552138  0.15698112
  0.00709192  0.16359418
  0.05606065  0.16723853
  0.04544250  0.16647601
  0.04792746  0.16212810
  0.07417419  0.19338197
  0.11380011  0.19568939
  0.14234734  0.19189372
  0.05506712  0.20467266
  0.07742789  0.18958374
  0.07232053  0.17667615
  0.07060931  0.18171234
  0.10893247  0.19942594
  0.10080028  0.19936060
  0.10406954  0.19769746
  0.00000000  0.19309685
 orbital           3 atom           1
  0.44352039  1.00000000
 -0.01771641  0.13930535
  0.13234379  0.13972779
  0.05636306  0.13346705
 -0.01743689  0.13722966
  0.06064929  0.16127331
  0.01852209  0.16679137
  0.07379122  0.17241968
  0.06241713  0.17363539
  0.08437621  0.17362600
  0.09165156  0.20630744
  0.10643505  0.19821179
  0.11806462  0.18671027
  0.03434159  0.18986137
  0.08123384  0.18707063
  0.08561161  0.18062598
  0.09274887  0.19049099
  0.10708000  0.20507916
  0.08587507  0.19307098
  0.08926846  0.19294067
  0.00000000  0.18753104
 orbital           4 atom           1
  0.44964374  1.00000000
 -0.01915868  0.13930535
  0.13173857  0.14077957
  0.05814985  0.13333050
 -0.01370184  0.13580471
  0.06282807  0.16498581
  0.02248872  0.16793176
  0.07692393  0.17283115
  0.05717343  0.17352309
  0.08490090  0.17303562
  0.09164674  0.20620434
  0.10822102  0.19756029
  0.12017342  0.18918797
  0.03499556  0.18978865
  0.08407591  0.18768963
  0.08296702  0.18054869
  0.09451548  0.19094740
  0.10816360  0.20546079
  0.08774531  0.19250444
  0.08959296  0.19558428
  0.00000000  0.18657459
 orbital           5 atom           1
 -0.34029225  1.00000000
 -0.02370651  0.03069505
  0.11600751  0.12772390
  0.16699650  0.09600488
  0.05864154  0.14237823
  0.08520577  0.13907363
  0.04469097  0.12513850
 -0.00969189  0.16103923
  0.05435314  0.15913142
  0.09565891  0.17907028
  0.11576846  0.17795243
  0.10198468  0.19385360
  0.08091294  0.19263595
  0.06227350  0.18125807
  0.07599284  0.18825795
  0.09063553  0.16721480
  0.07864934  0.19313734
  0.10462192  0.20087596
  0.10646538  0.19186929
  0.07439823  0.19603200
  0.00000000  0.18001472
 orbital           6 atom           1
 -0.30440686  1.00000000
  0.16913179  0.04469306
  0.04595825  0.14537486
  0.17476093  0.09677119
  0.03899018  0.14570103
  0.08596717  0.12318159
  0.07833032  0.14091382
 -0.00361963  0.15827683
  0.09439952  0.16994452
  0.09533563  0.19744089
  0.15930489  0.17031731
  0.07918205  0.20782563
  0.05966455  0.18432753
  0.08825272  0.17878052
  0.05053482  0.18548735
  0.12737381  0.16998765
  0.07056270  0.20416958
  0.10235210  0.19872667
  0.11693397  0.19147141
  0.05387126  0.18401561
  0.00000000  0.18963492
 orbital           7 atom           1
 -0.36765761  1.00000000
 -0.22042534  0.01669705
  0.18704491  0.11133400
  0.16840553  0.09766432
  0.07708278  0.13585085
  0.08339266  0.15767208
  0.02294545  0.11008592
 -0.00003169  0.16627643
  0.04602154  0.16113728
  0.12767290  0.17404697
  0.08028892  0.19538395
  0.11444602  0.17838017
  0.08638445  0.19343106
  0.03126703  0.17811056
  0.09928836  0.19156217
  0.06475235  0.16737496
  0.09657498  0.18286831
  0.09836510  0.20657108
  0.09573420  0.18967897
  0.08979111  0.20434498
  0.00000000  0.17202225
 orbital           8 atom           1
 -0.29307255  1.00000000
  0.16555575  0.04469306
  0.04163039  0.14742791
  0.17586927  0.09672970
  0.04655304  0.14397074
  0.08665952  0.12428334
  0.08763894  0.14474680
  0.02632723  0.16240270
  0.12518253  0.18375376
  0.10836109  0.21315537
  0.16658512  0.17363872
  0.04934048  0.19520509
  0.04778081  0.17914316
  0.09849895  0.17644579
  0.06203317  0.18922643
  0.15356943  0.18309029
  0.07728160  0.20644542
  0.09169722  0.19870491
  0.10339354  0.18869551
  0.05661309  0.17858718
  0.00000000  0.19231631
 orbital           9 atom           1
 -0.32510335  1.00000000
 -0.02933823  0.03069505
  0.11492153  0.13001548
  0.17673744  0.09831577
  0.06046111  0.13814246
  0.08214621  0.14181607
  0.05370778  0.12633207
  0.00259012  0.16127882
  0.06764200  0.16723178
  0.11283303  0.18645077
  0.13214696  0.18439778
  0.10622003  0.19657339
  0.08500680  0.19620078
  0.07176324  0.18206382
  0.07347484  0.19095807
  0.09839769  0.17075321
  0.08357013  0.19067358
  0.09613634  0.20291679
  0.11084177  0.19217808
  0.07715987  0.19420122
  0.00000000  0.18282399
 orbital          10 atom           1
  0.21152386  1.00000000
  0.00924759  0.26120507
  0.32434312  0.12192093
 -0.09844949  0.22119523
  0.12422281  0.12514834
  0.12070068  0.16060903
  0.05833485  0.22013281
  0.16883288  0.13949528
  0.06289141  0.21540087
  0.10141387  0.14687005
  0.13850496  0.20249566
  0.11736868  0.17868022
  0.09449129  0.17772248
  0.13625882  0.19373432
  0.08339021  0.16166732
  0.14160305  0.19980123
  0.10843600  0.17546613
  0.10812392  0.18063882
  0.12074810  0.18950524
  0.11843372  0.17135672
  0.00000000  0.19455095
 orbital          11 atom           1
  0.56093035  1.00000000
  0.08814983  0.15997300
  0.28315090  0.13077146
  0.05115433  0.15367194
  0.13650530  0.18101838
  0.14740918  0.14774480
  0.10289078  0.21590325
  0.17609135  0.15912718
  0.06744603  0.19477082
  0.14157526  0.16791189
  0.10386220  0.18167691
  0.12179217  0.18226781
  0.11295962  0.17480825
  0.13794013  0.19384935
  0.10836142  0.17470605
  0.12391634  0.18911617
  0.10585874  0.17694022
  0.11816085  0.17936944
  0.12558387  0.18552120
  0.11344641  0.18419743
  0.00000000  0.18216062
 orbital          12 atom           1
  0.55480699  1.00000000
  0.09011160  0.15997300
  0.28355836  0.12928285
  0.04574586  0.15550393
  0.14034460  0.17957673
  0.13657413  0.14513783
  0.10333902  0.21614502
  0.17396245  0.15676719
  0.06842184  0.19533419
  0.13866751  0.16804844
  0.10487719  0.18089195
  0.11855974  0.18123430
  0.10760545  0.17454591
  0.13864009  0.19084920
  0.10467458  0.17520388
  0.12519892  0.18820370
  0.10708371  0.17770114
  0.11363533  0.17843802
  0.12371081  0.18442886
  0.11009279  0.18279902
  0.00000000  0.18061343
 orbital          13 atom           1
  0.54868364  1.00000000
  0.09213517  0.15997300
  0.28420705  0.12772255
  0.03969874  0.15743821
  0.14534609  0.17819017
  0.12618619  0.14248045
  0.10419111  0.21713214
  0.17403982  0.15445480
  0.07117129  0.19677319
  0.14101623  0.16963870
  0.11231720  0.18281917
  0.11818302  0.18187604
  0.10228531  0.17543211
  0.13783076  0.18704294
  0.09769540  0.17435205
  0.12883257  0.18774203
  0.11011048  0.17846633
  0.11396958  0.17968347
  0.12267203  0.18445244
  0.10757691  0.18157317
  0.00000000  0.17891785
 orbital          14 atom           1
 -0.05194413  1.00000000
  0.09750272  0.03852639
  0.30695266  0.10802182
  0.19599514  0.11370308
  0.15735248  0.17519222
  0.16430594  0.14345457
  0.06882750  0.17216642
  0.15322441  0.16650599
  0.13313781  0.16081711
  0.10926055  0.18691313
  0.12725010  0.17588177
  0.11560513  0.16718612
  0.12309265  0.18512298
  0.11779039  0.17204670
  0.12210201  0.18927039
  0.13886193  0.17330514
  0.08205722  0.18151842
  0.14707499  0.18309378
  0.10145922  0.17040778
  0.12057945  0.19002800
  0.00000000  0.17900971
 orbital          15 atom           1
 -0.09172041  1.00000000
  0.27773216  0.05582888
  0.23512131  0.13192557
  0.23981193  0.10062864
  0.13386735  0.17697667
  0.16721566  0.13063838
  0.09208500  0.18373303
  0.14250126  0.16639521
  0.13496837  0.15915741
  0.12175133  0.19118853
  0.10416340  0.16644787
  0.15926621  0.18173132
  0.09638368  0.18097977
  0.12867401  0.17018654
  0.11858112  0.19259925
  0.12797685  0.16983769
  0.10360865  0.17993877
  0.13577600  0.19220947
  0.10866644  0.16523085
  0.12789710  0.19405221
  0.00000000  0.17716741
 orbital          16 atom           1
 -0.03353309  1.00000000
 -0.07746061  0.02122391
  0.37775232  0.08185928
  0.13871758  0.12667703
  0.18918934  0.17401731
  0.15358898  0.15389158
  0.04477458  0.16240537
  0.15801165  0.16173929
  0.12021317  0.16183799
  0.09732846  0.17918080
  0.15135322  0.18450621
  0.07288711  0.15569934
  0.15382487  0.18799785
  0.09583446  0.17350355
  0.12998480  0.18559861
  0.14220829  0.17155681
  0.06428599  0.18920449
  0.16423012  0.16939605
  0.08787163  0.18040079
  0.11817899  0.18303517
  0.00000000  0.18038420
 orbital          17 atom           1
 -0.10825391  1.00000000
  0.28283345  0.05582888
  0.24103228  0.12852053
  0.22583581  0.10325908
  0.14442453  0.17830430
  0.15990236  0.12738426
  0.08986879  0.18820263
  0.14892923  0.16157537
  0.12198689  0.16055868
  0.12825240  0.19053928
  0.09781885  0.16431855
  0.15719445  0.18178046
  0.09605234  0.17917426
  0.12528345  0.17102693
  0.12109020  0.19021919
  0.12318631  0.17110610
  0.10429234  0.17903485
  0.13370680  0.19011290
  0.10467091  0.16642395
  0.12915188  0.19155784
  0.00000000  0.17726713
 orbital          18 atom           1
 -0.08199922  1.00000000
  0.10539094  0.03852639
  0.30910061  0.10402000
  0.17536550  0.11493713
  0.17133140  0.17659863
  0.15309650  0.13953823
  0.06706272  0.17622806
  0.15092472  0.15934013
  0.11783196  0.16135135
  0.11698349  0.18452855
  0.12622951  0.17537067
  0.11582936  0.17050097
  0.12715742  0.18300656
  0.10383302  0.17170471
  0.12808523  0.18776091
  0.12934685  0.16890110
  0.08580701  0.18678255
  0.15073415  0.17786866
  0.09365992  0.17493684
  0.12472111  0.18600536
  0.00000000  0.17887427
