        -1.20000         0.00000
        -1.19912         0.00000
        -1.19824         0.00000
        -1.19736         0.00000
        -1.19648         0.00000
        -1.19560         0.00000
        -1.19472         0.00000
        -1.19384         0.00000
        -1.19296         0.00000
        -1.19208         0.00000
        -1.19120         0.00000
        -1.19032         0.00000
        -1.18944         0.00000
        -1.18856         0.00000
        -1.18768         0.00000
        -1.18680         0.00000
        -1.18592         0.00000
        -1.18504         0.00000
        -1.18416         0.00000
        -1.18328         0.00000
        -1.18240         0.00000
        -1.18152         0.00000
        -1.18064         0.00000
        -1.17976         0.00000
        -1.17888         0.00000
        -1.17800         0.00000
        -1.17712         0.00000
        -1.17624         0.00000
        -1.17536         0.00000
        -1.17448         0.00000
        -1.17361         0.00000
        -1.17273         0.00000
        -1.17185         0.00000
        -1.17097         0.00000
        -1.17009         0.00000
        -1.16921         0.00000
        -1.16833         0.00000
        -1.16745         0.00000
        -1.16657         0.00000
        -1.16569         0.00000
        -1.16481         0.00000
        -1.16393         0.00000
        -1.16305         0.00000
        -1.16217         0.00000
        -1.16129         0.00000
        -1.16041         0.00000
        -1.15953         0.00000
        -1.15865         0.00000
        -1.15777         0.00000
        -1.15689         0.00000
        -1.15601         0.00000
        -1.15513         0.00000
        -1.15425         0.00000
        -1.15337         0.00000
        -1.15249         0.00000
        -1.15161         0.00000
        -1.15073         0.00000
        -1.14985         0.00000
        -1.14897         0.00000
        -1.14809         0.00000
        -1.14721         0.00000
        -1.14633         0.00000
        -1.14545         0.00000
        -1.14457         0.00000
        -1.14369         0.00000
        -1.14281         0.00000
        -1.14193         0.00000
        -1.14105         0.00000
        -1.14017         0.00000
        -1.13929         0.00000
        -1.13841         0.00000
        -1.13753         0.00000
        -1.13665         0.00000
        -1.13577         0.00000
        -1.13489         0.00000
        -1.13401         0.00000
        -1.13313         0.00000
        -1.13225         0.00000
        -1.13137         0.00000
        -1.13049         0.00000
        -1.12961         0.00000
        -1.12873         0.00000
        -1.12785         0.00000
        -1.12697         0.00000
        -1.12609         0.00000
        -1.12521         0.00000
        -1.12433         0.00000
        -1.12345         0.00000
        -1.12257         0.00000
        -1.12170         0.00000
        -1.12082         0.00000
        -1.11994         0.00000
        -1.11906         0.00000
        -1.11818         0.00000
        -1.11730         0.00000
        -1.11642         0.00000
        -1.11554         0.00000
        -1.11466         0.00000
        -1.11378         0.00000
        -1.11290         0.00000
        -1.11202         0.00000
        -1.11114         0.00000
        -1.11026         0.00000
        -1.10938         0.00000
        -1.10850         0.00000
        -1.10762         0.00000
        -1.10674         0.00000
        -1.10586         0.00000
        -1.10498         0.00000
        -1.10410         0.00000
        -1.10322         0.00000
        -1.10234         0.00000
        -1.10146         0.00000
        -1.10058         0.00000
        -1.09970         0.00000
        -1.09882         0.00000
        -1.09794         0.00000
        -1.09706         0.00000
        -1.09618         0.00000
        -1.09530         0.00000
        -1.09442         0.00000
        -1.09354         0.00000
        -1.09266         0.00000
        -1.09178         0.00000
        -1.09090         0.00000
        -1.09002         0.00000
        -1.08914         0.00000
        -1.08826         0.00000
        -1.08738         0.00000
        -1.08650         0.00000
        -1.08562         0.00000
        -1.08474         0.00000
        -1.08386         0.00000
        -1.08298         0.00000
        -1.08210         0.00000
        -1.08122         0.00000
        -1.08034         0.00000
        -1.07946         0.00000
        -1.07858         0.00000
        -1.07770         0.00000
        -1.07682         0.00000
        -1.07594         0.00000
        -1.07506         0.00000
        -1.07418         0.00000
        -1.07330         0.00000
        -1.07242         0.00000
        -1.07154         0.00000
        -1.07066         0.00000
        -1.06979         0.00000
        -1.06891         0.00000
        -1.06803         0.00000
        -1.06715         0.00000
        -1.06627         0.00000
        -1.06539         0.00000
        -1.06451         0.00000
        -1.06363         0.00000
        -1.06275         0.00000
        -1.06187         0.00000
        -1.06099         0.00000
        -1.06011         0.00000
        -1.05923         0.00000
        -1.05835         0.00000
        -1.05747         0.00000
        -1.05659         0.00000
        -1.05571         0.00000
        -1.05483         0.00000
        -1.05395         0.00000
        -1.05307         0.00000
        -1.05219         0.00000
        -1.05131         0.00000
        -1.05043         0.00000
        -1.04955         0.00000
        -1.04867         0.00000
        -1.04779         0.00000
        -1.04691         0.00000
        -1.04603         0.00000
        -1.04515         0.00000
        -1.04427         0.00000
        -1.04339         0.00000
        -1.04251         0.00000
        -1.04163         0.00000
        -1.04075         0.00000
        -1.03987         0.00000
        -1.03899         0.00000
        -1.03811         0.00000
        -1.03723         0.00000
        -1.03635         0.00000
        -1.03547         0.00000
        -1.03459         0.00000
        -1.03371         0.00000
        -1.03283         0.00000
        -1.03195         0.00000
        -1.03107         0.00000
        -1.03019         0.00000
        -1.02931         0.00000
        -1.02843         0.00000
        -1.02755         0.00000
        -1.02667         0.00000
        -1.02579         0.00000
        -1.02491         0.00000
        -1.02403         0.00000
        -1.02315         0.00000
        -1.02227         0.00000
        -1.02139         0.00000
        -1.02051         0.00000
        -1.01963         0.00000
        -1.01875         0.00000
        -1.01787         0.00000
        -1.01700         0.00000
        -1.01612         0.00000
        -1.01524         0.00000
        -1.01436         0.00000
        -1.01348         0.00000
        -1.01260         0.00000
        -1.01172         0.00000
        -1.01084         0.00000
        -1.00996         0.00000
        -1.00908         0.00000
        -1.00820         0.00000
        -1.00732         0.00000
        -1.00644         0.00000
        -1.00556         0.00000
        -1.00468         0.00000
        -1.00380         0.00000
        -1.00292         0.00000
        -1.00204         0.00000
        -1.00116         0.00000
        -1.00028         0.00000
        -0.99940         0.00000
        -0.99852         0.00000
        -0.99764         0.00000
        -0.99676         0.00000
        -0.99588         0.00000
        -0.99500         0.00000
        -0.99412         0.00000
        -0.99324         0.00000
        -0.99236         0.00000
        -0.99148         0.00000
        -0.99060         0.00000
        -0.98972         0.00000
        -0.98884         0.00000
        -0.98796         0.00000
        -0.98708         0.00000
        -0.98620         0.00000
        -0.98532         0.00000
        -0.98444         0.00000
        -0.98356         0.00000
        -0.98268         0.00000
        -0.98180         0.00000
        -0.98092         0.00000
        -0.98004         0.00000
        -0.97916         0.00000
        -0.97828         0.00000
        -0.97740         0.00000
        -0.97652         0.00000
        -0.97564         0.00000
        -0.97476         0.00000
        -0.97388         0.00000
        -0.97300         0.00000
        -0.97212         0.00000
        -0.97124         0.00000
        -0.97036         0.00000
        -0.96948         0.00000
        -0.96860         0.00000
        -0.96772         0.00000
        -0.96684         0.00000
        -0.96596         0.00000
        -0.96509         0.00000
        -0.96421         0.00000
        -0.96333         0.00000
        -0.96245         0.00000
        -0.96157         0.00000
        -0.96069         0.00000
        -0.95981         0.00000
        -0.95893         0.00000
        -0.95805         0.00000
        -0.95717         0.00000
        -0.95629         0.00000
        -0.95541         0.00000
        -0.95453         0.00000
        -0.95365         0.00000
        -0.95277         0.00000
        -0.95189         0.00000
        -0.95101         0.00000
        -0.95013         0.00000
        -0.94925         0.00000
        -0.94837         0.00000
        -0.94749         0.00000
        -0.94661         0.00000
        -0.94573         0.00000
        -0.94485         0.00000
        -0.94397         0.00000
        -0.94309         0.00000
        -0.94221         0.00000
        -0.94133         0.00000
        -0.94045         0.00000
        -0.93957         0.00000
        -0.93869         0.00000
        -0.93781         0.00000
        -0.93693         0.00000
        -0.93605         0.00000
        -0.93517         0.00000
        -0.93429         0.00000
        -0.93341         0.00000
        -0.93253         0.00000
        -0.93165         0.00000
        -0.93077         0.00000
        -0.92989         0.00000
        -0.92901         0.00000
        -0.92813         0.00000
        -0.92725         0.00000
        -0.92637         0.00000
        -0.92549         0.00000
        -0.92461         0.00000
        -0.92373         0.00000
        -0.92285         0.00000
        -0.92197         0.00000
        -0.92109         0.00000
        -0.92021         0.00000
        -0.91933         0.00000
        -0.91845         0.00000
        -0.91757         0.00000
        -0.91669         0.00000
        -0.91581         0.00000
        -0.91493         0.00000
        -0.91405         0.00000
        -0.91318         0.00000
        -0.91230         0.00000
        -0.91142         0.00000
        -0.91054         0.00000
        -0.90966         0.00000
        -0.90878         0.00000
        -0.90790         0.00000
        -0.90702         0.00000
        -0.90614         0.00000
        -0.90526         0.00000
        -0.90438         0.00000
        -0.90350         0.00000
        -0.90262         0.00000
        -0.90174         0.00000
        -0.90086         0.00000
        -0.89998         0.00000
        -0.89910         0.00000
        -0.89822         0.00000
        -0.89734         0.00000
        -0.89646         0.00000
        -0.89558         0.00000
        -0.89470         0.00000
        -0.89382         0.00000
        -0.89294         0.00000
        -0.89206         0.00000
        -0.89118         0.00000
        -0.89030         0.00000
        -0.88942         0.00000
        -0.88854         0.00000
        -0.88766         0.00000
        -0.88678         0.00000
        -0.88590         0.00000
        -0.88502         0.00000
        -0.88414         0.00000
        -0.88326         0.00000
        -0.88238         0.00000
        -0.88150         0.00000
        -0.88062         0.00000
        -0.87974         0.00000
        -0.87886         0.00000
        -0.87798         0.00000
        -0.87710         0.00000
        -0.87622         0.00000
        -0.87534         0.00000
        -0.87446         0.00000
        -0.87358         0.00000
        -0.87270         0.00000
        -0.87182         0.00000
        -0.87094         0.00000
        -0.87006         0.00000
        -0.86918         0.00000
        -0.86830         0.00000
        -0.86742         0.00000
        -0.86654         0.00000
        -0.86566         0.00000
        -0.86478         0.00000
        -0.86390         0.00000
        -0.86302         0.00000
        -0.86214         0.00000
        -0.86127         0.00000
        -0.86039         0.00000
        -0.85951         0.00000
        -0.85863         0.00000
        -0.85775         0.00000
        -0.85687         0.00000
        -0.85599         0.00000
        -0.85511         0.00000
        -0.85423         0.00000
        -0.85335         0.00000
        -0.85247         0.00000
        -0.85159         0.00000
        -0.85071         0.00000
        -0.84983         0.00000
        -0.84895         0.00000
        -0.84807         0.00000
        -0.84719         0.00000
        -0.84631         0.00000
        -0.84543         0.00000
        -0.84455         0.00000
        -0.84367         0.00000
        -0.84279         0.00000
        -0.84191         0.00000
        -0.84103         0.00000
        -0.84015         0.00000
        -0.83927         0.00000
        -0.83839         0.00000
        -0.83751         0.00000
        -0.83663         0.00000
        -0.83575         0.00000
        -0.83487         0.00000
        -0.83399         0.00000
        -0.83311         0.00000
        -0.83223         0.00000
        -0.83135         0.00000
        -0.83047         0.00000
        -0.82959         0.00000
        -0.82871         0.00000
        -0.82783         0.00000
        -0.82695         0.00000
        -0.82607         0.00000
        -0.82519         0.00000
        -0.82431         0.00000
        -0.82343         0.00000
        -0.82255         0.00000
        -0.82167         0.00000
        -0.82079         0.00001
        -0.81991         0.00001
        -0.81903         0.00001
        -0.81815         0.00002
        -0.81727         0.00002
        -0.81639         0.00003
        -0.81551         0.00003
        -0.81463         0.00004
        -0.81375         0.00005
        -0.81287         0.00006
        -0.81199         0.00007
        -0.81111         0.00008
        -0.81023         0.00010
        -0.80936         0.00012
        -0.80848         0.00014
        -0.80760         0.00016
        -0.80672         0.00019
        -0.80584         0.00023
        -0.80496         0.00028
        -0.80408         0.00033
        -0.80320         0.00040
        -0.80232         0.00048
        -0.80144         0.00058
        -0.80056         0.00070
        -0.79968         0.00085
        -0.79880         0.00104
        -0.79792         0.00128
        -0.79704         0.00158
        -0.79616         0.00197
        -0.79528         0.00246
        -0.79440         0.00310
        -0.79352         0.00394
        -0.79264         0.00505
        -0.79176         0.00655
        -0.79088         0.00858
        -0.79000         0.01140
        -0.78912         0.01536
        -0.78824         0.02106
        -0.78736         0.02940
        -0.78648         0.04186
        -0.78560         0.06078
        -0.78472         0.08965
        -0.78384         0.13504
        -0.78296         0.19319
        -0.78208         0.25773
        -0.78120         0.30285
        -0.78032         0.30820
        -0.77944         0.28213
        -0.77856         0.24573
        -0.77768         0.21201
        -0.77680         0.18494
        -0.77592         0.16443
        -0.77504         0.14928
        -0.77416         0.13858
        -0.77328         0.13108
        -0.77240         0.12569
        -0.77152         0.12249
        -0.77064         0.12103
        -0.76976         0.12107
        -0.76888         0.12246
        -0.76800         0.12512
        -0.76712         0.12899
        -0.76624         0.13408
        -0.76536         0.14040
        -0.76448         0.14803
        -0.76360         0.15702
        -0.76272         0.16746
        -0.76184         0.17945
        -0.76096         0.19307
        -0.76008         0.20841
        -0.75920         0.22549
        -0.75832         0.24430
        -0.75744         0.26472
        -0.75657         0.28650
        -0.75569         0.30921
        -0.75481         0.33226
        -0.75393         0.35484
        -0.75305         0.37602
        -0.75217         0.39479
        -0.75129         0.41021
        -0.75041         0.42154
        -0.74953         0.42836
        -0.74865         0.43064
        -0.74777         0.42868
        -0.74689         0.42311
        -0.74601         0.41470
        -0.74513         0.40429
        -0.74425         0.39266
        -0.74337         0.38051
        -0.74249         0.36844
        -0.74161         0.35689
        -0.74073         0.34625
        -0.73985         0.33684
        -0.73897         0.32895
        -0.73809         0.32294
        -0.73721         0.31931
        -0.73633         0.31881
        -0.73545         0.32269
        -0.73457         0.33304
        -0.73369         0.35311
        -0.73281         0.38722
        -0.73193         0.43775
        -0.73105         0.49637
        -0.73017         0.54405
        -0.72929         0.54712
        -0.72841         0.52531
        -0.72753         0.49651
        -0.72665         0.47157
        -0.72577         0.45336
        -0.72489         0.44155
        -0.72401         0.43523
        -0.72313         0.43301
        -0.72225         0.43441
        -0.72137         0.43885
        -0.72049         0.44597
        -0.71961         0.45555
        -0.71873         0.46745
        -0.71785         0.48160
        -0.71697         0.49798
        -0.71609         0.51659
        -0.71521         0.53747
        -0.71433         0.56064
        -0.71345         0.58612
        -0.71257         0.61386
        -0.71169         0.64378
        -0.71081         0.67569
        -0.70993         0.70926
        -0.70905         0.74401
        -0.70817         0.77928
        -0.70729         0.81422
        -0.70641         0.84785
        -0.70553         0.87911
        -0.70466         0.90700
        -0.70378         0.93067
        -0.70290         0.94955
        -0.70202         0.96341
        -0.70114         0.97231
        -0.70026         0.97659
        -0.69938         0.97679
        -0.69850         0.97353
        -0.69762         0.96742
        -0.69674         0.95910
        -0.69586         0.94908
        -0.69498         0.93787
        -0.69410         0.92586
        -0.69322         0.91341
        -0.69234         0.90081
        -0.69146         0.88832
        -0.69058         0.87615
        -0.68970         0.86449
        -0.68882         0.85349
        -0.68794         0.84328
        -0.68706         0.83397
        -0.68618         0.82565
        -0.68530         0.81838
        -0.68442         0.81223
        -0.68354         0.80725
        -0.68266         0.80346
        -0.68178         0.80090
        -0.68090         0.79958
        -0.68002         0.79951
        -0.67914         0.80071
        -0.67826         0.80317
        -0.67738         0.80688
        -0.67650         0.81184
        -0.67562         0.81803
        -0.67474         0.82542
        -0.67386         0.83398
        -0.67298         0.84366
        -0.67210         0.85442
        -0.67122         0.86618
        -0.67034         0.87887
        -0.66946         0.89241
        -0.66858         0.90667
        -0.66770         0.92155
        -0.66682         0.93690
        -0.66594         0.95260
        -0.66506         0.96848
        -0.66418         0.98440
        -0.66330         1.00020
        -0.66242         1.01574
        -0.66154         1.03089
        -0.66066         1.04554
        -0.65978         1.05959
        -0.65890         1.07298
        -0.65802         1.08569
        -0.65714         1.09771
        -0.65626         1.10906
        -0.65538         1.11980
        -0.65450         1.13000
        -0.65362         1.13976
        -0.65275         1.14916
        -0.65187         1.15833
        -0.65099         1.16736
        -0.65011         1.17635
        -0.64923         1.18539
        -0.64835         1.19457
        -0.64747         1.20394
        -0.64659         1.21355
        -0.64571         1.22344
        -0.64483         1.23360
        -0.64395         1.24404
        -0.64307         1.25473
        -0.64219         1.26563
        -0.64131         1.27670
        -0.64043         1.28786
        -0.63955         1.29905
        -0.63867         1.31018
        -0.63779         1.32116
        -0.63691         1.33192
        -0.63603         1.34237
        -0.63515         1.35243
        -0.63427         1.36203
        -0.63339         1.37110
        -0.63251         1.37959
        -0.63163         1.38748
        -0.63075         1.39474
        -0.62987         1.40137
        -0.62899         1.40737
        -0.62811         1.41279
        -0.62723         1.41765
        -0.62635         1.42202
        -0.62547         1.42597
        -0.62459         1.42956
        -0.62371         1.43289
        -0.62283         1.43603
        -0.62195         1.43908
        -0.62107         1.44212
        -0.62019         1.44525
        -0.61931         1.44853
        -0.61843         1.45204
        -0.61755         1.45586
        -0.61667         1.46004
        -0.61579         1.46463
        -0.61491         1.46966
        -0.61403         1.47517
        -0.61315         1.48118
        -0.61227         1.48769
        -0.61139         1.49470
        -0.61051         1.50221
        -0.60963         1.51018
        -0.60875         1.51860
        -0.60787         1.52742
        -0.60699         1.53660
        -0.60611         1.54610
        -0.60523         1.55587
        -0.60435         1.56585
        -0.60347         1.57598
        -0.60259         1.58621
        -0.60171         1.59649
        -0.60084         1.60677
        -0.59996         1.61701
        -0.59908         1.62717
        -0.59820         1.63722
        -0.59732         1.64714
        -0.59644         1.65691
        -0.59556         1.66652
        -0.59468         1.67599
        -0.59380         1.68532
        -0.59292         1.69454
        -0.59204         1.70367
        -0.59116         1.71275
        -0.59028         1.72183
        -0.58940         1.73093
        -0.58852         1.74013
        -0.58764         1.74946
        -0.58676         1.75899
        -0.58588         1.76878
        -0.58500         1.77887
        -0.58412         1.78933
        -0.58324         1.80021
        -0.58236         1.81156
        -0.58148         1.82345
        -0.58060         1.83590
        -0.57972         1.84899
        -0.57884         1.86274
        -0.57796         1.87720
        -0.57708         1.89241
        -0.57620         1.90840
        -0.57532         1.92521
        -0.57444         1.94286
        -0.57356         1.96137
        -0.57268         1.98077
        -0.57180         2.00107
        -0.57092         2.02229
        -0.57004         2.04444
        -0.56916         2.06752
        -0.56828         2.09152
        -0.56740         2.11645
        -0.56652         2.14230
        -0.56564         2.16906
        -0.56476         2.19669
        -0.56388         2.22520
        -0.56300         2.25454
        -0.56212         2.28468
        -0.56124         2.31559
        -0.56036         2.34724
        -0.55948         2.37957
        -0.55860         2.41256
        -0.55772         2.44614
        -0.55684         2.48029
        -0.55596         2.51495
        -0.55508         2.55009
        -0.55420         2.58567
        -0.55332         2.62167
        -0.55244         2.65807
        -0.55156         2.69485
        -0.55068         2.73201
        -0.54980         2.76958
        -0.54893         2.80757
        -0.54805         2.84605
        -0.54717         2.88506
        -0.54629         2.92469
        -0.54541         2.96504
        -0.54453         3.00624
        -0.54365         3.04842
        -0.54277         3.09175
        -0.54189         3.13641
        -0.54101         3.18260
        -0.54013         3.23055
        -0.53925         3.28051
        -0.53837         3.33274
        -0.53749         3.38754
        -0.53661         3.44522
        -0.53573         3.50613
        -0.53485         3.57062
        -0.53397         3.63911
        -0.53309         3.71201
        -0.53221         3.78980
        -0.53133         3.87297
        -0.53045         3.96209
        -0.52957         4.05774
        -0.52869         4.16060
        -0.52781         4.27137
        -0.52693         4.39085
        -0.52605         4.51991
        -0.52517         4.65952
        -0.52429         4.81072
        -0.52341         4.97468
        -0.52253         5.15269
        -0.52165         5.34616
        -0.52077         5.55666
        -0.51989         5.78588
        -0.51901         6.03570
        -0.51813         6.30815
        -0.51725         6.60544
        -0.51637         6.92996
        -0.51549         7.28424
        -0.51461         7.67101
        -0.51373         8.09307
        -0.51285         8.55336
        -0.51197         9.05482
        -0.51109         9.60035
        -0.51021        10.19266
        -0.50933        10.83419
        -0.50845        11.52687
        -0.50757        12.27195
        -0.50669        13.06972
        -0.50581        13.91925
        -0.50493        14.81808
        -0.50405        15.76198
        -0.50317        16.74466
        -0.50229        17.75766
        -0.50141        18.79031
        -0.50053        19.82988
        -0.49965        20.86191
        -0.49877        21.87073
        -0.49789        22.84025
        -0.49701        23.75472
        -0.49614        24.59963
        -0.49526        25.36256
        -0.49438        26.03374
        -0.49350        26.60652
        -0.49262        27.07750
        -0.49174        27.44643
        -0.49086        27.71587
        -0.48998        27.89070
        -0.48910        27.97763
        -0.48822        27.98459
        -0.48734        27.92023
        -0.48646        27.79346
        -0.48558        27.61310
        -0.48470        27.38759
        -0.48382        27.12479
        -0.48294        26.83188
        -0.48206        26.51523
        -0.48118        26.18044
        -0.48030        25.83228
        -0.47942        25.47476
        -0.47854        25.11119
        -0.47766        24.74417
        -0.47678        24.37572
        -0.47590        24.00733
        -0.47502        23.64002
        -0.47414        23.27443
        -0.47326        22.91089
        -0.47238        22.54953
        -0.47150        22.19032
        -0.47062        21.83319
        -0.46974        21.47807
        -0.46886        21.12501
        -0.46798        20.77419
        -0.46710        20.42599
        -0.46622        20.08100
        -0.46534        19.74003
        -0.46446        19.40409
        -0.46358        19.07435
        -0.46270        18.75213
        -0.46182        18.43879
        -0.46094        18.13571
        -0.46006        17.84425
        -0.45918        17.56569
        -0.45830        17.30120
        -0.45742        17.05182
        -0.45654        16.81846
        -0.45566        16.60187
        -0.45478        16.40266
        -0.45390        16.22132
        -0.45302        16.05822
        -0.45214        15.91361
        -0.45126        15.78766
        -0.45038        15.68047
        -0.44950        15.59207
        -0.44862        15.52244
        -0.44774        15.47152
        -0.44686        15.43924
        -0.44598        15.42548
        -0.44510        15.43011
        -0.44423        15.45300
        -0.44335        15.49397
        -0.44247        15.55287
        -0.44159        15.62949
        -0.44071        15.72364
        -0.43983        15.83508
        -0.43895        15.96355
        -0.43807        16.10874
        -0.43719        16.27033
        -0.43631        16.44790
        -0.43543        16.64099
        -0.43455        16.84907
        -0.43367        17.07151
        -0.43279        17.30757
        -0.43191        17.55644
        -0.43103        17.81714
        -0.43015        18.08861
        -0.42927        18.36961
        -0.42839        18.65880
        -0.42751        18.95467
        -0.42663        19.25559
        -0.42575        19.55981
        -0.42487        19.86544
        -0.42399        20.17052
        -0.42311        20.47303
        -0.42223        20.77089
        -0.42135        21.06204
        -0.42047        21.34446
        -0.41959        21.61622
        -0.41871        21.87552
        -0.41783        22.12074
        -0.41695        22.35046
        -0.41607        22.56354
        -0.41519        22.75912
        -0.41431        22.93661
        -0.41343        23.09578
        -0.41255        23.23670
        -0.41167        23.35976
        -0.41079        23.46561
        -0.40991        23.55522
        -0.40903        23.62976
        -0.40815        23.69060
        -0.40727        23.73930
        -0.40639        23.77750
        -0.40551        23.80693
        -0.40463        23.82936
        -0.40375        23.84655
        -0.40287        23.86022
        -0.40199        23.87202
        -0.40111        23.88351
        -0.40023        23.89611
        -0.39935        23.91112
        -0.39847        23.92967
        -0.39759        23.95273
        -0.39671        23.98109
        -0.39583        24.01533
        -0.39495        24.05588
        -0.39407        24.10296
        -0.39319        24.15658
        -0.39232        24.21659
        -0.39144        24.28265
        -0.39056        24.35425
        -0.38968        24.43070
        -0.38880        24.51120
        -0.38792        24.59479
        -0.38704        24.68043
        -0.38616        24.76697
        -0.38528        24.85322
        -0.38440        24.93797
        -0.38352        25.01999
        -0.38264        25.09808
        -0.38176        25.17107
        -0.38088        25.23790
        -0.38000        25.29757
        -0.37912        25.34917
        -0.37824        25.39195
        -0.37736        25.42524
        -0.37648        25.44850
        -0.37560        25.46132
        -0.37472        25.46339
        -0.37384        25.45451
        -0.37296        25.43458
        -0.37208        25.40356
        -0.37120        25.36151
        -0.37032        25.30851
        -0.36944        25.24471
        -0.36856        25.17028
        -0.36768        25.08542
        -0.36680        24.99034
        -0.36592        24.88526
        -0.36504        24.77041
        -0.36416        24.64599
        -0.36328        24.51224
        -0.36240        24.36938
        -0.36152        24.21763
        -0.36064        24.05722
        -0.35976        23.88840
        -0.35888        23.71146
        -0.35800        23.52670
        -0.35712        23.33446
        -0.35624        23.13515
        -0.35536        22.92924
        -0.35448        22.71725
        -0.35360        22.49980
        -0.35272        22.27755
        -0.35184        22.05128
        -0.35096        21.82179
        -0.35008        21.58999
        -0.34920        21.35681
        -0.34832        21.12323
        -0.34744        20.89026
        -0.34656        20.65890
        -0.34568        20.43017
        -0.34480        20.20505
        -0.34392        19.98448
        -0.34304        19.76936
        -0.34216        19.56051
        -0.34128        19.35871
        -0.34041        19.16464
        -0.33953        18.97893
        -0.33865        18.80209
        -0.33777        18.63458
        -0.33689        18.47679
        -0.33601        18.32901
        -0.33513        18.19147
        -0.33425        18.06433
        -0.33337        17.94768
        -0.33249        17.84157
        -0.33161        17.74598
        -0.33073        17.66082
        -0.32985        17.58600
        -0.32897        17.52134
        -0.32809        17.46665
        -0.32721        17.42170
        -0.32633        17.38623
        -0.32545        17.35998
        -0.32457        17.34264
        -0.32369        17.33393
        -0.32281        17.33356
        -0.32193        17.34124
        -0.32105        17.35673
        -0.32017        17.37979
        -0.31929        17.41025
        -0.31841        17.44798
        -0.31753        17.49289
        -0.31665        17.54500
        -0.31577        17.60437
        -0.31489        17.67114
        -0.31401        17.74554
        -0.31313        17.82787
        -0.31225        17.91849
        -0.31137        18.01786
        -0.31049        18.12645
        -0.30961        18.24481
        -0.30873        18.37351
        -0.30785        18.51315
        -0.30697        18.66431
        -0.30609        18.82757
        -0.30521        19.00348
        -0.30433        19.19253
        -0.30345        19.39515
        -0.30257        19.61169
        -0.30169        19.84238
        -0.30081        20.08734
        -0.29993        20.34656
        -0.29905        20.61987
        -0.29817        20.90692
        -0.29729        21.20722
        -0.29641        21.52005
        -0.29553        21.84453
        -0.29465        22.17955
        -0.29377        22.52384
        -0.29289        22.87592
        -0.29201        23.23414
        -0.29113        23.59669
        -0.29025        23.96164
        -0.28937        24.32699
        -0.28850        24.69065
        -0.28762        25.05058
        -0.28674        25.40475
        -0.28586        25.75129
        -0.28498        26.08847
        -0.28410        26.41480
        -0.28322        26.72910
        -0.28234        27.03051
        -0.28146        27.31853
        -0.28058        27.59310
        -0.27970        27.85456
        -0.27882        28.10366
        -0.27794        28.34160
        -0.27706        28.56992
        -0.27618        28.79053
        -0.27530        29.00563
        -0.27442        29.21764
        -0.27354        29.42914
        -0.27266        29.64277
        -0.27178        29.86118
        -0.27090        30.08685
        -0.27002        30.32207
        -0.26914        30.56875
        -0.26826        30.82833
        -0.26738        31.10163
        -0.26650        31.38870
        -0.26562        31.68869
        -0.26474        31.99972
        -0.26386        32.31875
        -0.26298        32.64149
        -0.26210        32.96241
        -0.26122        33.27477
        -0.26034        33.57080
        -0.25946        33.84194
        -0.25858        34.07926
        -0.25770        34.27395
        -0.25682        34.41789
        -0.25594        34.50426
        -0.25506        34.52804
        -0.25418        34.48648
        -0.25330        34.37933
        -0.25242        34.20883
        -0.25154        33.97959
        -0.25066        33.69814
        -0.24978        33.37247
        -0.24890        33.01142
        -0.24802        32.62416
        -0.24714        32.21967
        -0.24626        31.80630
        -0.24538        31.39156
        -0.24450        30.98190
        -0.24362        30.58261
        -0.24274        30.19789
        -0.24186        29.83084
        -0.24098        29.48362
        -0.24010        29.15752
        -0.23922        28.85307
        -0.23834        28.57020
        -0.23746        28.30833
        -0.23658        28.06643
        -0.23571        27.84317
        -0.23483        27.63692
        -0.23395        27.44586
        -0.23307        27.26801
        -0.23219        27.10129
        -0.23131        26.94351
        -0.23043        26.79246
        -0.22955        26.64590
        -0.22867        26.50162
        -0.22779        26.35744
        -0.22691        26.21123
        -0.22603        26.06099
        -0.22515        25.90479
        -0.22427        25.74091
        -0.22339        25.56776
        -0.22251        25.38395
        -0.22163        25.18835
        -0.22075        24.98002
        -0.21987        24.75832
        -0.21899        24.52282
        -0.21811        24.27339
        -0.21723        24.01014
        -0.21635        23.73341
        -0.21547        23.44378
        -0.21459        23.14201
        -0.21371        22.82904
        -0.21283        22.50593
        -0.21195        22.17387
        -0.21107        21.83410
        -0.21019        21.48791
        -0.20931        21.13660
        -0.20843        20.78146
        -0.20755        20.42373
        -0.20667        20.06462
        -0.20579        19.70527
        -0.20491        19.34673
        -0.20403        18.98998
        -0.20315        18.63591
        -0.20227        18.28532
        -0.20139        17.93893
        -0.20051        17.59737
        -0.19963        17.26120
        -0.19875        16.93090
        -0.19787        16.60685
        -0.19699        16.28942
        -0.19611        15.97887
        -0.19523        15.67544
        -0.19435        15.37930
        -0.19347        15.09058
        -0.19259        14.80937
        -0.19171        14.53574
        -0.19083        14.26970
        -0.18995        14.01127
        -0.18907        13.76041
        -0.18819        13.51709
        -0.18731        13.28124
        -0.18643        13.05279
        -0.18555        12.83165
        -0.18467        12.61772
        -0.18380        12.41091
        -0.18292        12.21109
        -0.18204        12.01814
        -0.18116        11.83195
        -0.18028        11.65239
        -0.17940        11.47933
        -0.17852        11.31264
        -0.17764        11.15220
        -0.17676        10.99787
        -0.17588        10.84953
        -0.17500        10.70704
        -0.17412        10.57028
        -0.17324        10.43913
        -0.17236        10.31345
        -0.17148        10.19314
        -0.17060        10.07806
        -0.16972         9.96810
        -0.16884         9.86315
        -0.16796         9.76310
        -0.16708         9.66782
        -0.16620         9.57723
        -0.16532         9.49119
        -0.16444         9.40963
        -0.16356         9.33242
        -0.16268         9.25947
        -0.16180         9.19069
        -0.16092         9.12597
        -0.16004         9.06522
        -0.15916         9.00834
        -0.15828         8.95524
        -0.15740         8.90582
        -0.15652         8.86000
        -0.15564         8.81767
        -0.15476         8.77875
        -0.15388         8.74313
        -0.15300         8.71072
        -0.15212         8.68143
        -0.15124         8.65515
        -0.15036         8.63178
        -0.14948         8.61120
        -0.14860         8.59333
        -0.14772         8.57802
        -0.14684         8.56518
        -0.14596         8.55466
        -0.14508         8.54635
        -0.14420         8.54010
        -0.14332         8.53578
        -0.14244         8.53322
        -0.14156         8.53228
        -0.14068         8.53278
        -0.13980         8.53456
        -0.13892         8.53743
        -0.13804         8.54121
        -0.13716         8.54570
        -0.13628         8.55070
        -0.13540         8.55600
        -0.13452         8.56140
        -0.13364         8.56668
        -0.13276         8.57162
        -0.13189         8.57602
        -0.13101         8.57967
        -0.13013         8.58235
        -0.12925         8.58387
        -0.12837         8.58405
        -0.12749         8.58270
        -0.12661         8.57968
        -0.12573         8.57485
        -0.12485         8.56809
        -0.12397         8.55931
        -0.12309         8.54845
        -0.12221         8.53547
        -0.12133         8.52037
        -0.12045         8.50319
        -0.11957         8.48398
        -0.11869         8.46283
        -0.11781         8.43989
        -0.11693         8.41530
        -0.11605         8.38925
        -0.11517         8.36197
        -0.11429         8.33370
        -0.11341         8.30469
        -0.11253         8.27523
        -0.11165         8.24562
        -0.11077         8.21618
        -0.10989         8.18721
        -0.10901         8.15905
        -0.10813         8.13201
        -0.10725         8.10642
        -0.10637         8.08260
        -0.10549         8.06085
        -0.10461         8.04147
        -0.10373         8.02476
        -0.10285         8.01098
        -0.10197         8.00038
        -0.10109         7.99321
        -0.10021         7.98969
        -0.09933         7.99001
        -0.09845         7.99436
        -0.09757         8.00289
        -0.09669         8.01574
        -0.09581         8.03304
        -0.09493         8.05486
        -0.09405         8.08128
        -0.09317         8.11235
        -0.09229         8.14808
        -0.09141         8.18847
        -0.09053         8.23348
        -0.08965         8.28306
        -0.08877         8.33710
        -0.08789         8.39550
        -0.08701         8.45810
        -0.08613         8.52470
        -0.08525         8.59510
        -0.08437         8.66904
        -0.08349         8.74623
        -0.08261         8.82634
        -0.08173         8.90901
        -0.08085         8.99385
        -0.07998         9.08043
        -0.07910         9.16829
        -0.07822         9.25694
        -0.07734         9.34586
        -0.07646         9.43454
        -0.07558         9.52243
        -0.07470         9.60897
        -0.07382         9.69363
        -0.07294         9.77585
        -0.07206         9.85513
        -0.07118         9.93096
        -0.07030        10.00289
        -0.06942        10.07052
        -0.06854        10.13347
        -0.06766        10.19146
        -0.06678        10.24425
        -0.06590        10.29168
        -0.06502        10.33367
        -0.06414        10.37020
        -0.06326        10.40134
        -0.06238        10.42721
        -0.06150        10.44803
        -0.06062        10.46405
        -0.05974        10.47560
        -0.05886        10.48304
        -0.05798        10.48677
        -0.05710        10.48724
        -0.05622        10.48489
        -0.05534        10.48020
        -0.05446        10.47363
        -0.05358        10.46566
        -0.05270        10.45673
        -0.05182        10.44729
        -0.05094        10.43775
        -0.05006        10.42852
        -0.04918        10.41995
        -0.04830        10.41239
        -0.04742        10.40613
        -0.04654        10.40147
        -0.04566        10.39863
        -0.04478        10.39785
        -0.04390        10.39932
        -0.04302        10.40321
        -0.04214        10.40966
        -0.04126        10.41880
        -0.04038        10.43076
        -0.03950        10.44563
        -0.03862        10.46352
        -0.03774        10.48449
        -0.03686        10.50865
        -0.03598        10.53607
        -0.03510        10.56684
        -0.03422        10.60105
        -0.03334        10.63879
        -0.03246        10.68018
        -0.03158        10.72532
        -0.03070        10.77435
        -0.02982        10.82740
        -0.02894        10.88464
        -0.02807        10.94624
        -0.02719        11.01240
        -0.02631        11.08333
        -0.02543        11.15927
        -0.02455        11.24047
        -0.02367        11.32722
        -0.02279        11.41983
        -0.02191        11.51864
        -0.02103        11.62401
        -0.02015        11.73636
        -0.01927        11.85612
        -0.01839        11.98377
        -0.01751        12.11981
        -0.01663        12.26483
        -0.01575        12.41944
        -0.01487        12.58429
        -0.01399        12.76012
        -0.01311        12.94773
        -0.01223        13.14798
        -0.01135        13.36180
        -0.01047        13.59024
        -0.00959        13.83441
        -0.00871        14.09553
        -0.00783        14.37495
        -0.00695        14.67413
        -0.00607        14.99465
        -0.00519        15.33825
        -0.00431        15.70681
        -0.00343        16.10238
        -0.00255        16.52717
        -0.00167        16.98358
        -0.00079        17.47418
         0.00009        18.00169
         0.00097        18.56902
         0.00185        19.17919
         0.00273        19.83532
         0.00361        20.54056
         0.00449        21.29799
         0.00537        22.11048
         0.00625        22.98051
         0.00713        23.90993
         0.00801        24.89961
         0.00889        25.94900
         0.00977        27.05566
         0.01065        28.21457
         0.01153        29.41738
         0.01241        30.65169
         0.01329        31.90019
         0.01417        33.14005
         0.01505        34.34260
         0.01593        35.47345
         0.01681        36.49349
         0.01769        37.36078
         0.01857        38.03339
         0.01945        38.47317
         0.02033        38.64986
         0.02121        38.54487
         0.02209        38.15406
         0.02297        37.48868
         0.02385        36.57437
         0.02472        35.44829
         0.02560        34.15505
         0.02648        32.74219
         0.02736        31.25614
         0.02824        29.73903
         0.02912        28.22668
         0.03000        26.74776
         0.03088        25.32372
         0.03176        23.96947
         0.03264        22.69431
         0.03352        21.50299
         0.03440        20.39675
         0.03528        19.37429
         0.03616        18.43248
         0.03704        17.56706
         0.03792        16.77305
         0.03880        16.04518
         0.03968        15.37806
         0.04056        14.76644
         0.04144        14.20526
         0.04232        13.68977
         0.04320        13.21553
         0.04408        12.77845
         0.04496        12.37479
         0.04584        12.00114
         0.04672        11.65442
         0.04760        11.33182
         0.04848        11.03085
         0.04936        10.74925
         0.05024        10.48502
         0.05112        10.23635
         0.05200        10.00164
         0.05288         9.77948
         0.05376         9.56860
         0.05464         9.36790
         0.05552         9.17638
         0.05640         8.99319
         0.05728         8.81757
         0.05816         8.64885
         0.05904         8.48645
         0.05992         8.32988
         0.06080         8.17869
         0.06168         8.03249
         0.06256         7.89098
         0.06344         7.75385
         0.06432         7.62086
         0.06520         7.49181
         0.06608         7.36651
         0.06696         7.24479
         0.06784         7.12653
         0.06872         7.01161
         0.06960         6.89991
         0.07048         6.79135
         0.07136         6.68584
         0.07224         6.58330
         0.07312         6.48367
         0.07400         6.38689
         0.07488         6.29288
         0.07576         6.20161
         0.07663         6.11301
         0.07751         6.02702
         0.07839         5.94361
         0.07927         5.86271
         0.08015         5.78428
         0.08103         5.70827
         0.08191         5.63463
         0.08279         5.56331
         0.08367         5.49427
         0.08455         5.42744
         0.08543         5.36279
         0.08631         5.30027
         0.08719         5.23983
         0.08807         5.18142
         0.08895         5.12499
         0.08983         5.07049
         0.09071         5.01789
         0.09159         4.96713
         0.09247         4.91817
         0.09335         4.87096
         0.09423         4.82545
         0.09511         4.78161
         0.09599         4.73940
         0.09687         4.69876
         0.09775         4.65966
         0.09863         4.62205
         0.09951         4.58591
         0.10039         4.55118
         0.10127         4.51783
         0.10215         4.48582
         0.10303         4.45511
         0.10391         4.42568
         0.10479         4.39748
         0.10567         4.37048
         0.10655         4.34464
         0.10743         4.31994
         0.10831         4.29634
         0.10919         4.27381
         0.11007         4.25232
         0.11095         4.23183
         0.11183         4.21233
         0.11271         4.19377
         0.11359         4.17614
         0.11447         4.15940
         0.11535         4.14353
         0.11623         4.12850
         0.11711         4.11428
         0.11799         4.10085
         0.11887         4.08818
         0.11975         4.07625
         0.12063         4.06503
         0.12151         4.05450
         0.12239         4.04463
         0.12327         4.03541
         0.12415         4.02680
         0.12503         4.01879
         0.12591         4.01135
         0.12679         4.00446
         0.12767         3.99810
         0.12854         3.99225
         0.12942         3.98688
         0.13030         3.98198
         0.13118         3.97752
         0.13206         3.97348
         0.13294         3.96985
         0.13382         3.96660
         0.13470         3.96371
         0.13558         3.96116
         0.13646         3.95893
         0.13734         3.95701
         0.13822         3.95537
         0.13910         3.95399
         0.13998         3.95286
         0.14086         3.95195
         0.14174         3.95126
         0.14262         3.95075
         0.14350         3.95041
         0.14438         3.95023
         0.14526         3.95018
         0.14614         3.95024
         0.14702         3.95040
         0.14790         3.95064
         0.14878         3.95093
         0.14966         3.95127
         0.15054         3.95164
         0.15142         3.95200
         0.15230         3.95235
         0.15318         3.95268
         0.15406         3.95295
         0.15494         3.95315
         0.15582         3.95326
         0.15670         3.95327
         0.15758         3.95316
         0.15846         3.95291
         0.15934         3.95249
         0.16022         3.95190
         0.16110         3.95112
         0.16198         3.95012
         0.16286         3.94890
         0.16374         3.94743
         0.16462         3.94570
         0.16550         3.94369
         0.16638         3.94139
         0.16726         3.93878
         0.16814         3.93584
         0.16902         3.93258
         0.16990         3.92896
         0.17078         3.92498
         0.17166         3.92063
         0.17254         3.91589
         0.17342         3.91076
         0.17430         3.90522
         0.17518         3.89928
         0.17606         3.89291
         0.17694         3.88612
         0.17782         3.87891
         0.17870         3.87126
         0.17958         3.86317
         0.18045         3.85465
         0.18133         3.84568
         0.18221         3.83628
         0.18309         3.82645
         0.18397         3.81618
         0.18485         3.80549
         0.18573         3.79437
         0.18661         3.78284
         0.18749         3.77091
         0.18837         3.75857
         0.18925         3.74584
         0.19013         3.73274
         0.19101         3.71927
         0.19189         3.70545
         0.19277         3.69129
         0.19365         3.67680
         0.19453         3.66200
         0.19541         3.64692
         0.19629         3.63155
         0.19717         3.61593
         0.19805         3.60007
         0.19893         3.58398
         0.19981         3.56769
         0.20069         3.55121
         0.20157         3.53457
         0.20245         3.51778
         0.20333         3.50086
         0.20421         3.48383
         0.20509         3.46671
         0.20597         3.44952
         0.20685         3.43229
         0.20773         3.41502
         0.20861         3.39773
         0.20949         3.38045
         0.21037         3.36319
         0.21125         3.34597
         0.21213         3.32881
         0.21301         3.31172
         0.21389         3.29473
         0.21477         3.27783
         0.21565         3.26106
         0.21653         3.24442
         0.21741         3.22793
         0.21829         3.21161
         0.21917         3.19546
         0.22005         3.17949
         0.22093         3.16373
         0.22181         3.14817
         0.22269         3.13284
         0.22357         3.11774
         0.22445         3.10288
         0.22533         3.08827
         0.22621         3.07391
         0.22709         3.05982
         0.22797         3.04601
         0.22885         3.03248
         0.22973         3.01923
         0.23061         3.00628
         0.23149         2.99362
         0.23236         2.98127
         0.23324         2.96923
         0.23412         2.95750
         0.23500         2.94609
         0.23588         2.93501
         0.23676         2.92425
         0.23764         2.91381
         0.23852         2.90371
         0.23940         2.89395
         0.24028         2.88452
         0.24116         2.87543
         0.24204         2.86668
         0.24292         2.85828
         0.24380         2.85022
         0.24468         2.84250
         0.24556         2.83514
         0.24644         2.82811
         0.24732         2.82144
         0.24820         2.81511
         0.24908         2.80913
         0.24996         2.80350
         0.25084         2.79821
         0.25172         2.79327
         0.25260         2.78867
         0.25348         2.78442
         0.25436         2.78050
         0.25524         2.77692
         0.25612         2.77368
         0.25700         2.77077
         0.25788         2.76819
         0.25876         2.76594
         0.25964         2.76401
         0.26052         2.76239
         0.26140         2.76109
         0.26228         2.76010
         0.26316         2.75942
         0.26404         2.75903
         0.26492         2.75893
         0.26580         2.75912
         0.26668         2.75960
         0.26756         2.76034
         0.26844         2.76136
         0.26932         2.76264
         0.27020         2.76416
         0.27108         2.76594
         0.27196         2.76796
         0.27284         2.77020
         0.27372         2.77268
         0.27460         2.77537
         0.27548         2.77826
         0.27636         2.78137
         0.27724         2.78466
         0.27812         2.78815
         0.27900         2.79181
         0.27988         2.79565
         0.28076         2.79966
         0.28164         2.80383
         0.28252         2.80816
         0.28340         2.81264
         0.28428         2.81727
         0.28515         2.82205
         0.28603         2.82696
         0.28691         2.83202
         0.28779         2.83721
         0.28867         2.84254
         0.28955         2.84801
         0.29043         2.85361
         0.29131         2.85936
         0.29219         2.86525
         0.29307         2.87130
         0.29395         2.87749
         0.29483         2.88386
         0.29571         2.89040
         0.29659         2.89712
         0.29747         2.90404
         0.29835         2.91117
         0.29923         2.91852
         0.30011         2.92612
         0.30099         2.93399
         0.30187         2.94214
         0.30275         2.95060
         0.30363         2.95941
         0.30451         2.96857
         0.30539         2.97814
         0.30627         2.98814
         0.30715         2.99861
         0.30803         3.00959
         0.30891         3.02112
         0.30979         3.03325
         0.31067         3.04604
         0.31155         3.05953
         0.31243         3.07378
         0.31331         3.08886
         0.31419         3.10484
         0.31507         3.12178
         0.31595         3.13977
         0.31683         3.15888
         0.31771         3.17921
         0.31859         3.20085
         0.31947         3.22391
         0.32035         3.24850
         0.32123         3.27474
         0.32211         3.30276
         0.32299         3.33270
         0.32387         3.36471
         0.32475         3.39895
         0.32563         3.43561
         0.32651         3.47487
         0.32739         3.51696
         0.32827         3.56208
         0.32915         3.61051
         0.33003         3.66250
         0.33091         3.71835
         0.33179         3.77839
         0.33267         3.84296
         0.33355         3.91245
         0.33443         3.98727
         0.33531         4.06788
         0.33619         4.15476
         0.33706         4.24845
         0.33794         4.34951
         0.33882         4.45855
         0.33970         4.57621
         0.34058         4.70318
         0.34146         4.84014
         0.34234         4.98779
         0.34322         5.14684
         0.34410         5.31795
         0.34498         5.50168
         0.34586         5.69850
         0.34674         5.90869
         0.34762         6.13227
         0.34850         6.36889
         0.34938         6.61779
         0.35026         6.87762
         0.35114         7.14638
         0.35202         7.42133
         0.35290         7.69890
         0.35378         7.97473
         0.35466         8.24374
         0.35554         8.50030
         0.35642         8.73849
         0.35730         8.95250
         0.35818         9.13701
         0.35906         9.28763
         0.35994         9.40125
         0.36082         9.47627
         0.36170         9.51271
         0.36258         9.51210
         0.36346         9.47727
         0.36434         9.41204
         0.36522         9.32083
         0.36610         9.20834
         0.36698         9.07921
         0.36786         8.93781
         0.36874         8.78807
         0.36962         8.63340
         0.37050         8.47666
         0.37138         8.32018
         0.37226         8.16580
         0.37314         8.01492
         0.37402         7.86859
         0.37490         7.72752
         0.37578         7.59221
         0.37666         7.46295
         0.37754         7.33988
         0.37842         7.22302
         0.37930         7.11232
         0.38018         7.00766
         0.38106         6.90887
         0.38194         6.81578
         0.38282         6.72817
         0.38370         6.64583
         0.38458         6.56855
         0.38546         6.49611
         0.38634         6.42831
         0.38722         6.36494
         0.38810         6.30583
         0.38897         6.25077
         0.38985         6.19962
         0.39073         6.15219
         0.39161         6.10835
         0.39249         6.06796
         0.39337         6.03088
         0.39425         5.99700
         0.39513         5.96620
         0.39601         5.93838
         0.39689         5.91345
         0.39777         5.89133
         0.39865         5.87192
         0.39953         5.85516
         0.40041         5.84098
         0.40129         5.82932
         0.40217         5.82013
         0.40305         5.81335
         0.40393         5.80894
         0.40481         5.80686
         0.40569         5.80708
         0.40657         5.80955
         0.40745         5.81426
         0.40833         5.82118
         0.40921         5.83030
         0.41009         5.84159
         0.41097         5.85504
         0.41185         5.87065
         0.41273         5.88842
         0.41361         5.90835
         0.41449         5.93043
         0.41537         5.95469
         0.41625         5.98113
         0.41713         6.00978
         0.41801         6.04067
         0.41889         6.07382
         0.41977         6.10928
         0.42065         6.14709
         0.42153         6.18731
         0.42241         6.22999
         0.42329         6.27520
         0.42417         6.32302
         0.42505         6.37354
         0.42593         6.42684
         0.42681         6.48304
         0.42769         6.54224
         0.42857         6.60457
         0.42945         6.67015
         0.43033         6.73911
         0.43121         6.81161
         0.43209         6.88779
         0.43297         6.96780
         0.43385         7.05180
         0.43473         7.13992
         0.43561         7.23233
         0.43649         7.32916
         0.43737         7.43052
         0.43825         7.53653
         0.43913         7.64726
         0.44001         7.76276
         0.44088         7.88304
         0.44176         8.00805
         0.44264         8.13769
         0.44352         8.27179
         0.44440         8.41011
         0.44528         8.55232
         0.44616         8.69801
         0.44704         8.84665
         0.44792         8.99763
         0.44880         9.15023
         0.44968         9.30362
         0.45056         9.45689
         0.45144         9.60906
         0.45232         9.75907
         0.45320         9.90583
         0.45408        10.04824
         0.45496        10.18519
         0.45584        10.31565
         0.45672        10.43865
         0.45760        10.55332
         0.45848        10.65892
         0.45936        10.75490
         0.46024        10.84082
         0.46112        10.91644
         0.46200        10.98170
         0.46288        11.03669
         0.46376        11.08165
         0.46464        11.11693
         0.46552        11.14303
         0.46640        11.16050
         0.46728        11.16994
         0.46816        11.17202
         0.46904        11.16738
         0.46992        11.15668
         0.47080        11.14057
         0.47168        11.11963
         0.47256        11.09444
         0.47344        11.06552
         0.47432        11.03333
         0.47520        10.99830
         0.47608        10.96081
         0.47696        10.92118
         0.47784        10.87973
         0.47872        10.83670
         0.47960        10.79232
         0.48048        10.74680
         0.48136        10.70030
         0.48224        10.65299
         0.48312        10.60501
         0.48400        10.55648
         0.48488        10.50751
         0.48576        10.45823
         0.48664        10.40872
         0.48752        10.35907
         0.48840        10.30937
         0.48928        10.25971
         0.49016        10.21015
         0.49104        10.16078
         0.49192        10.11166
         0.49279        10.06285
         0.49367        10.01442
         0.49455         9.96644
         0.49543         9.91894
         0.49631         9.87200
         0.49719         9.82565
         0.49807         9.77994
         0.49895         9.73492
         0.49983         9.69062
         0.50071         9.64709
         0.50159         9.60436
         0.50247         9.56247
         0.50335         9.52144
         0.50423         9.48130
         0.50511         9.44209
         0.50599         9.40382
         0.50687         9.36651
         0.50775         9.33020
         0.50863         9.29489
         0.50951         9.26061
         0.51039         9.22738
         0.51127         9.19521
         0.51215         9.16412
         0.51303         9.13412
         0.51391         9.10523
         0.51479         9.07747
         0.51567         9.05083
         0.51655         9.02535
         0.51743         9.00104
         0.51831         8.97790
         0.51919         8.95595
         0.52007         8.93520
         0.52095         8.91566
         0.52183         8.89736
         0.52271         8.88029
         0.52359         8.86447
         0.52447         8.84992
         0.52535         8.83665
         0.52623         8.82466
         0.52711         8.81397
         0.52799         8.80458
         0.52887         8.79651
         0.52975         8.78976
         0.53063         8.78434
         0.53151         8.78025
         0.53239         8.77750
         0.53327         8.77610
         0.53415         8.77603
         0.53503         8.77730
         0.53591         8.77990
         0.53679         8.78383
         0.53767         8.78907
         0.53855         8.79562
         0.53943         8.80346
         0.54031         8.81256
         0.54119         8.82291
         0.54207         8.83448
         0.54295         8.84724
         0.54383         8.86115
         0.54471         8.87618
         0.54558         8.89229
         0.54646         8.90943
         0.54734         8.92754
         0.54822         8.94658
         0.54910         8.96648
         0.54998         8.98718
         0.55086         9.00861
         0.55174         9.03071
         0.55262         9.05339
         0.55350         9.07658
         0.55438         9.10019
         0.55526         9.12413
         0.55614         9.14832
         0.55702         9.17267
         0.55790         9.19707
         0.55878         9.22144
         0.55966         9.24568
         0.56054         9.26968
         0.56142         9.29335
         0.56230         9.31659
         0.56318         9.33930
         0.56406         9.36138
         0.56494         9.38274
         0.56582         9.40329
         0.56670         9.42293
         0.56758         9.44157
         0.56846         9.45914
         0.56934         9.47556
         0.57022         9.49075
         0.57110         9.50465
         0.57198         9.51719
         0.57286         9.52832
         0.57374         9.53799
         0.57462         9.54616
         0.57550         9.55278
         0.57638         9.55785
         0.57726         9.56132
         0.57814         9.56319
         0.57902         9.56345
         0.57990         9.56209
         0.58078         9.55913
         0.58166         9.55458
         0.58254         9.54844
         0.58342         9.54075
         0.58430         9.53153
         0.58518         9.52082
         0.58606         9.50865
         0.58694         9.49506
         0.58782         9.48011
         0.58870         9.46384
         0.58958         9.44630
         0.59046         9.42755
         0.59134         9.40764
         0.59222         9.38664
         0.59310         9.36461
         0.59398         9.34160
         0.59486         9.31769
         0.59574         9.29294
         0.59662         9.26741
         0.59749         9.24118
         0.59837         9.21430
         0.59925         9.18686
         0.60013         9.15891
         0.60101         9.13052
         0.60189         9.10177
         0.60277         9.07272
         0.60365         9.04345
         0.60453         9.01402
         0.60541         8.98449
         0.60629         8.95494
         0.60717         8.92544
         0.60805         8.89605
         0.60893         8.86684
         0.60981         8.83787
         0.61069         8.80921
         0.61157         8.78092
         0.61245         8.75307
         0.61333         8.72572
         0.61421         8.69893
         0.61509         8.67276
         0.61597         8.64726
         0.61685         8.62250
         0.61773         8.59852
         0.61861         8.57539
         0.61949         8.55315
         0.62037         8.53185
         0.62125         8.51154
         0.62213         8.49226
         0.62301         8.47406
         0.62389         8.45698
         0.62477         8.44106
         0.62565         8.42634
         0.62653         8.41284
         0.62741         8.40061
         0.62829         8.38966
         0.62917         8.38003
         0.63005         8.37174
         0.63093         8.36482
         0.63181         8.35928
         0.63269         8.35514
         0.63357         8.35241
         0.63445         8.35111
         0.63533         8.35125
         0.63621         8.35282
         0.63709         8.35584
         0.63797         8.36031
         0.63885         8.36622
         0.63973         8.37356
         0.64061         8.38234
         0.64149         8.39254
         0.64237         8.40415
         0.64325         8.41714
         0.64413         8.43151
         0.64501         8.44723
         0.64589         8.46427
         0.64677         8.48260
         0.64765         8.50220
         0.64853         8.52303
         0.64940         8.54504
         0.65028         8.56820
         0.65116         8.59246
         0.65204         8.61777
         0.65292         8.64408
         0.65380         8.67133
         0.65468         8.69946
         0.65556         8.72840
         0.65644         8.75808
         0.65732         8.78844
         0.65820         8.81939
         0.65908         8.85086
         0.65996         8.88275
         0.66084         8.91498
         0.66172         8.94744
         0.66260         8.98005
         0.66348         9.01270
         0.66436         9.04528
         0.66524         9.07769
         0.66612         9.10980
         0.66700         9.14150
         0.66788         9.17267
         0.66876         9.20318
         0.66964         9.23293
         0.67052         9.26177
         0.67140         9.28958
         0.67228         9.31625
         0.67316         9.34164
         0.67404         9.36564
         0.67492         9.38813
         0.67580         9.40900
         0.67668         9.42813
         0.67756         9.44544
         0.67844         9.46084
         0.67932         9.47424
         0.68020         9.48557
         0.68108         9.49478
         0.68196         9.50183
         0.68284         9.50669
         0.68372         9.50934
         0.68460         9.50980
         0.68548         9.50807
         0.68636         9.50421
         0.68724         9.49827
         0.68812         9.49033
         0.68900         9.48048
         0.68988         9.46883
         0.69076         9.45551
         0.69164         9.44068
         0.69252         9.42448
         0.69340         9.40709
         0.69428         9.38872
         0.69516         9.36954
         0.69604         9.34979
         0.69692         9.32966
         0.69780         9.30940
         0.69868         9.28922
         0.69956         9.26936
         0.70044         9.25005
         0.70131         9.23151
         0.70219         9.21396
         0.70307         9.19763
         0.70395         9.18270
         0.70483         9.16938
         0.70571         9.15782
         0.70659         9.14819
         0.70747         9.14061
         0.70835         9.13519
         0.70923         9.13203
         0.71011         9.13116
         0.71099         9.13262
         0.71187         9.13640
         0.71275         9.14248
         0.71363         9.15081
         0.71451         9.16129
         0.71539         9.17384
         0.71627         9.18834
         0.71715         9.20468
         0.71803         9.22274
         0.71891         9.24240
         0.71979         9.26355
         0.72067         9.28613
         0.72155         9.31007
         0.72243         9.33535
         0.72331         9.36199
         0.72419         9.39001
         0.72507         9.41952
         0.72595         9.45062
         0.72683         9.48348
         0.72771         9.51828
         0.72859         9.55523
         0.72947         9.59457
         0.73035         9.63654
         0.73123         9.68143
         0.73211         9.72950
         0.73299         9.78105
         0.73387         9.83637
         0.73475         9.89575
         0.73563         9.95949
         0.73651        10.02789
         0.73739        10.10125
         0.73827        10.17986
         0.73915        10.26402
         0.74003        10.35404
         0.74091        10.45023
         0.74179        10.55289
         0.74267        10.66233
         0.74355        10.77889
         0.74443        10.90290
         0.74531        11.03469
         0.74619        11.17462
         0.74707        11.32305
         0.74795        11.48037
         0.74883        11.64695
         0.74971        11.82321
         0.75059        12.00955
         0.75147        12.20643
         0.75235        12.41427
         0.75322        12.63354
         0.75410        12.86471
         0.75498        13.10825
         0.75586        13.36463
         0.75674        13.63432
         0.75762        13.91778
         0.75850        14.21544
         0.75938        14.52768
         0.76026        14.85482
         0.76114        15.19712
         0.76202        15.55469
         0.76290        15.92754
         0.76378        16.31550
         0.76466        16.71824
         0.76554        17.13524
         0.76642        17.56583
         0.76730        18.00917
         0.76818        18.46437
         0.76906        18.93053
         0.76994        19.40681
         0.77082        19.89248
         0.77170        20.38693
         0.77258        20.88950
         0.77346        21.39932
         0.77434        21.91489
         0.77522        22.43363
         0.77610        22.95144
         0.77698        23.46222
         0.77786        23.95767
         0.77874        24.42722
         0.77962        24.85836
         0.78050        25.23723
         0.78138        25.54954
         0.78226        25.78166
         0.78314        25.92184
         0.78402        25.96136
         0.78490        25.89543
         0.78578        25.72373
         0.78666        25.45046
         0.78754        25.08399
         0.78842        24.63606
         0.78930        24.12077
         0.79018        23.55349
         0.79106        22.94975
         0.79194        22.32441
         0.79282        21.69095
         0.79370        21.06108
         0.79458        20.44452
         0.79546        19.84899
         0.79634        19.28031
         0.79722        18.74256
         0.79810        18.23831
         0.79898        17.76882
         0.79986        17.33425
         0.80074        16.93382
         0.80162        16.56594
         0.80250        16.22832
         0.80338        15.91800
         0.80426        15.63139
         0.80514        15.36431
         0.80601        15.11196
         0.80689        14.86896
         0.80777        14.62939
         0.80865        14.38694
         0.80953        14.13516
         0.81041        13.86774
         0.81129        13.57911
         0.81217        13.26492
         0.81305        12.92274
         0.81393        12.55246
         0.81481        12.15655
         0.81569        11.74003
         0.81657        11.31005
         0.81745        10.87532
         0.81833        10.44541
         0.81921        10.02994
         0.82009         9.63803
         0.82097         9.27807
         0.82185         8.95683
         0.82273         8.68129
         0.82361         8.46377
         0.82449         8.30720
         0.82537         8.24649
         0.82625         8.33400
         0.82713         8.75132
         0.82801        10.70182
         0.82889         4.86565
         0.82977         4.89883
         0.83065         4.93358
         0.83153         4.97004
         0.83241         5.00839
         0.83329         5.04877
         0.83417         5.09132
         0.83505         5.13619
         0.83593         5.18351
         0.83681         5.23338
         0.83769         5.28593
         0.83857         5.34124
         0.83945         5.39940
         0.84033         5.46047
         0.84121         5.52452
         0.84209         5.59158
         0.84297         5.66169
         0.84385         5.73486
         0.84473         5.81112
         0.84561         5.89044
         0.84649         5.97282
         0.84737         6.05824
         0.84825         6.14664
         0.84913         6.23800
         0.85001         6.33226
         0.85089         6.42935
         0.85177         6.52921
         0.85265         6.63178
         0.85353         6.73697
         0.85441         6.84471
         0.85529         6.95492
         0.85617         7.06752
         0.85705         7.18245
         0.85792         7.29962
         0.85880         7.41898
         0.85968         7.54046
         0.86056         7.66400
         0.86144         7.78955
         0.86232         7.91707
         0.86320         8.04651
         0.86408         8.17781
         0.86496         8.31094
         0.86584         8.44583
         0.86672         8.58244
         0.86760         8.72069
         0.86848         8.86050
         0.86936         9.00179
         0.87024         9.14448
         0.87112         9.28847
         0.87200         9.43369
         0.87288         9.58008
         0.87376         9.72762
         0.87464         9.87635
         0.87552        10.02637
         0.87640        10.17787
         0.87728        10.33115
         0.87816        10.48660
         0.87904        10.64471
         0.87992        10.80609
         0.88080        10.97143
         0.88168        11.14146
         0.88256        11.31695
         0.88344        11.49865
         0.88432        11.68726
         0.88520        11.88333
         0.88608        12.08730
         0.88696        12.29936
         0.88784        12.51940
         0.88872        12.74701
         0.88960        12.98135
         0.89048        13.22111
         0.89136        13.46447
         0.89224        13.70904
         0.89312        13.95178
         0.89400        14.18902
         0.89488        14.41646
         0.89576        14.62918
         0.89664        14.82172
         0.89752        14.98828
         0.89840        15.12281
         0.89928        15.21934
         0.90016        15.27225
         0.90104        15.27657
         0.90192        15.22835
         0.90280        15.12492
         0.90368        14.96513
         0.90456        14.74955
         0.90544        14.48045
         0.90632        14.16175
         0.90720        13.79885
         0.90808        13.39831
         0.90896        12.96754
         0.90983        12.51437
         0.91071        12.04671
         0.91159        11.57216
         0.91247        11.09772
         0.91335        10.62958
         0.91423        10.17299
         0.91511         9.73220
         0.91599         9.31048
         0.91687         8.91020
         0.91775         8.53291
         0.91863         8.17951
         0.91951         7.85032
         0.92039         7.54522
         0.92127         7.26375
         0.92215         7.00521
         0.92303         6.76870
         0.92391         6.55320
         0.92479         6.35759
         0.92567         6.18069
         0.92655         6.02126
         0.92743         5.87802
         0.92831         5.74965
         0.92919         5.63474
         0.93007         5.53181
         0.93095         5.43929
         0.93183         5.35547
         0.93271         5.27847
         0.93359         5.20628
         0.93447         5.13666
         0.93535         5.06723
         0.93623         4.99543
         0.93711         4.91865
         0.93799         4.83424
         0.93887         4.73971
         0.93975         4.63287
         0.94063         4.51203
         0.94151         4.37615
         0.94239         4.22502
         0.94327         4.05935
         0.94415         3.88072
         0.94503         3.69150
         0.94591         3.49468
         0.94679         3.29359
         0.94767         3.09174
         0.94855         2.89257
         0.94943         2.69935
         0.95031         2.51496
         0.95119         2.34186
         0.95207         2.18194
         0.95295         2.03649
         0.95383         1.90631
         0.95471         1.79186
         0.95559         1.69338
         0.95647         1.61116
         0.95735         1.54572
         0.95823         1.49816
         0.95911         1.47056
         0.95999         1.46632
         0.96087         1.49163
         0.96174         1.56342
         0.96262         1.70765
         0.96350         2.01759
         0.96438         2.89584
         0.96526         0.00105
         0.96614         0.00086
         0.96702         0.00071
         0.96790         0.00058
         0.96878         0.00048
         0.96966         0.00040
         0.97054         0.00033
         0.97142         0.00027
         0.97230         0.00023
         0.97318         0.00019
         0.97406         0.00016
         0.97494         0.00013
         0.97582         0.00011
         0.97670         0.00009
         0.97758         0.00008
         0.97846         0.00007
         0.97934         0.00005
         0.98022         0.00005
         0.98110         0.00004
         0.98198         0.00003
         0.98286         0.00003
         0.98374         0.00002
         0.98462         0.00002
         0.98550         0.00001
         0.98638         0.00001
         0.98726         0.00001
         0.98814         0.00001
         0.98902         0.00000
         0.98990         0.00000
         0.99078         0.00000
         0.99166         0.00000
         0.99254         0.00000
         0.99342         0.00000
         0.99430         0.00000
         0.99518         0.00000
         0.99606         0.00000
         0.99694         0.00000
         0.99782         0.00000
         0.99870         0.00000
         0.99958         0.00000
         1.00046         0.00000
         1.00134         0.00000
         1.00222         0.00000
         1.00310         0.00000
         1.00398         0.00000
         1.00486         0.00000
         1.00574         0.00000
         1.00662         0.00000
         1.00750         0.00000
