        -1.00000        -0.00000
        -0.99940        -0.00000
        -0.99880        -0.00000
        -0.99820        -0.00000
        -0.99760        -0.00000
        -0.99700        -0.00000
        -0.99640        -0.00000
        -0.99580        -0.00000
        -0.99520        -0.00000
        -0.99460        -0.00000
        -0.99400        -0.00000
        -0.99340        -0.00000
        -0.99280        -0.00000
        -0.99220        -0.00000
        -0.99160        -0.00000
        -0.99100        -0.00000
        -0.99040        -0.00000
        -0.98980        -0.00000
        -0.98920        -0.00000
        -0.98860        -0.00000
        -0.98800        -0.00000
        -0.98740        -0.00000
        -0.98680        -0.00000
        -0.98620        -0.00000
        -0.98560        -0.00000
        -0.98500        -0.00000
        -0.98440        -0.00000
        -0.98380        -0.00000
        -0.98320        -0.00000
        -0.98260        -0.00000
        -0.98200        -0.00000
        -0.98140        -0.00000
        -0.98080        -0.00000
        -0.98020        -0.00000
        -0.97960        -0.00000
        -0.97900        -0.00000
        -0.97840        -0.00000
        -0.97780        -0.00000
        -0.97720        -0.00000
        -0.97660        -0.00000
        -0.97600        -0.00000
        -0.97540        -0.00000
        -0.97480        -0.00000
        -0.97420        -0.00000
        -0.97360        -0.00000
        -0.97300        -0.00000
        -0.97240        -0.00000
        -0.97180        -0.00000
        -0.97120        -0.00000
        -0.97060        -0.00000
        -0.97000        -0.00000
        -0.96940        -0.00000
        -0.96880        -0.00000
        -0.96820        -0.00000
        -0.96760        -0.00000
        -0.96700        -0.00000
        -0.96640        -0.00000
        -0.96580        -0.00000
        -0.96520        -0.00000
        -0.96460        -0.00000
        -0.96400        -0.00000
        -0.96340        -0.00000
        -0.96280        -0.00000
        -0.96220        -0.00000
        -0.96160        -0.00000
        -0.96100        -0.00000
        -0.96040        -0.00000
        -0.95980        -0.00000
        -0.95920        -0.00000
        -0.95860        -0.00000
        -0.95800        -0.00000
        -0.95740        -0.00000
        -0.95680        -0.00000
        -0.95620        -0.00000
        -0.95560        -0.00000
        -0.95500        -0.00000
        -0.95440        -0.00000
        -0.95380        -0.00000
        -0.95320        -0.00000
        -0.95260        -0.00000
        -0.95200        -0.00000
        -0.95140        -0.00000
        -0.95080        -0.00000
        -0.95020        -0.00000
        -0.94960        -0.00000
        -0.94900        -0.00000
        -0.94840        -0.00000
        -0.94780        -0.00000
        -0.94720        -0.00000
        -0.94660        -0.00000
        -0.94600        -0.00000
        -0.94540        -0.00000
        -0.94480        -0.00000
        -0.94420        -0.00000
        -0.94360        -0.00000
        -0.94300        -0.00000
        -0.94240        -0.00000
        -0.94180        -0.00000
        -0.94120        -0.00000
        -0.94060        -0.00000
        -0.94000        -0.00000
        -0.93940        -0.00000
        -0.93880        -0.00000
        -0.93820        -0.00000
        -0.93760        -0.00000
        -0.93700        -0.00000
        -0.93640        -0.00000
        -0.93580        -0.00000
        -0.93520        -0.00000
        -0.93460        -0.00000
        -0.93400        -0.00000
        -0.93340        -0.00000
        -0.93280        -0.00000
        -0.93220        -0.00000
        -0.93160        -0.00000
        -0.93100        -0.00000
        -0.93040        -0.00000
        -0.92980        -0.00000
        -0.92919        -0.00000
        -0.92859        -0.00000
        -0.92799        -0.00000
        -0.92739        -0.00000
        -0.92679        -0.00000
        -0.92619        -0.00000
        -0.92559        -0.00000
        -0.92499        -0.00000
        -0.92439        -0.00000
        -0.92379        -0.00000
        -0.92319        -0.00000
        -0.92259        -0.00000
        -0.92199        -0.00000
        -0.92139        -0.00000
        -0.92079        -0.00000
        -0.92019        -0.00000
        -0.91959        -0.00000
        -0.91899        -0.00000
        -0.91839        -0.00000
        -0.91779        -0.00000
        -0.91719        -0.00000
        -0.91659        -0.00000
        -0.91599        -0.00000
        -0.91539        -0.00000
        -0.91479        -0.00000
        -0.91419        -0.00000
        -0.91359        -0.00000
        -0.91299        -0.00000
        -0.91239        -0.00000
        -0.91179        -0.00000
        -0.91119        -0.00000
        -0.91059        -0.00000
        -0.90999        -0.00000
        -0.90939        -0.00000
        -0.90879        -0.00000
        -0.90819        -0.00000
        -0.90759        -0.00000
        -0.90699        -0.00000
        -0.90639        -0.00000
        -0.90579        -0.00000
        -0.90519        -0.00000
        -0.90459        -0.00000
        -0.90399        -0.00000
        -0.90339        -0.00000
        -0.90279        -0.00000
        -0.90219        -0.00000
        -0.90159        -0.00000
        -0.90099        -0.00000
        -0.90039        -0.00000
        -0.89979        -0.00000
        -0.89919        -0.00000
        -0.89859        -0.00000
        -0.89799        -0.00000
        -0.89739        -0.00000
        -0.89679        -0.00000
        -0.89619        -0.00000
        -0.89559        -0.00000
        -0.89499        -0.00000
        -0.89439        -0.00000
        -0.89379        -0.00000
        -0.89319        -0.00000
        -0.89259        -0.00000
        -0.89199        -0.00000
        -0.89139        -0.00000
        -0.89079        -0.00000
        -0.89019        -0.00000
        -0.88959        -0.00000
        -0.88899        -0.00000
        -0.88839        -0.00000
        -0.88779        -0.00000
        -0.88719        -0.00000
        -0.88659        -0.00000
        -0.88599        -0.00000
        -0.88539        -0.00000
        -0.88479        -0.00000
        -0.88419        -0.00000
        -0.88359        -0.00000
        -0.88299        -0.00000
        -0.88239        -0.00000
        -0.88179        -0.00000
        -0.88119        -0.00000
        -0.88059        -0.00000
        -0.87999        -0.00000
        -0.87939        -0.00000
        -0.87879        -0.00000
        -0.87819        -0.00000
        -0.87759        -0.00000
        -0.87699        -0.00000
        -0.87639        -0.00000
        -0.87579        -0.00000
        -0.87519        -0.00000
        -0.87459        -0.00000
        -0.87399        -0.00000
        -0.87339        -0.00000
        -0.87279        -0.00000
        -0.87219        -0.00000
        -0.87159        -0.00000
        -0.87099        -0.00000
        -0.87039        -0.00000
        -0.86979        -0.00000
        -0.86919        -0.00000
        -0.86859        -0.00000
        -0.86799        -0.00000
        -0.86739        -0.00000
        -0.86679        -0.00000
        -0.86619        -0.00000
        -0.86559        -0.00000
        -0.86499        -0.00000
        -0.86439        -0.00000
        -0.86379        -0.00000
        -0.86319        -0.00000
        -0.86259        -0.00000
        -0.86199        -0.00000
        -0.86139        -0.00000
        -0.86079        -0.00000
        -0.86019        -0.00000
        -0.85959        -0.00000
        -0.85899        -0.00000
        -0.85839        -0.00000
        -0.85779        -0.00000
        -0.85719        -0.00000
        -0.85659        -0.00000
        -0.85599        -0.00000
        -0.85539        -0.00000
        -0.85479        -0.00000
        -0.85419        -0.00000
        -0.85359        -0.00000
        -0.85299        -0.00000
        -0.85239        -0.00000
        -0.85179        -0.00000
        -0.85119        -0.00000
        -0.85059        -0.00000
        -0.84999        -0.00000
        -0.84939        -0.00000
        -0.84879        -0.00000
        -0.84819        -0.00000
        -0.84759        -0.00000
        -0.84699        -0.00000
        -0.84639        -0.00000
        -0.84579        -0.00000
        -0.84519        -0.00000
        -0.84459        -0.00000
        -0.84399        -0.00000
        -0.84339        -0.00000
        -0.84279        -0.00000
        -0.84219        -0.00000
        -0.84159        -0.00000
        -0.84099        -0.00000
        -0.84039        -0.00000
        -0.83979        -0.00000
        -0.83919        -0.00000
        -0.83859        -0.00000
        -0.83799        -0.00000
        -0.83739        -0.00000
        -0.83679        -0.00000
        -0.83619        -0.00000
        -0.83559        -0.00000
        -0.83499        -0.00000
        -0.83439         0.00000
        -0.83379         0.00000
        -0.83319         0.00000
        -0.83259         0.00000
        -0.83199         0.00000
        -0.83139         0.00000
        -0.83079         0.00000
        -0.83019         0.00000
        -0.82959         0.00000
        -0.82899         0.00000
        -0.82839         0.00000
        -0.82779         0.00000
        -0.82719         0.00000
        -0.82659         0.00000
        -0.82599         0.00000
        -0.82539         0.00000
        -0.82479         0.00000
        -0.82419         0.00000
        -0.82359         0.00000
        -0.82299         0.00000
        -0.82239         0.00000
        -0.82179         0.00000
        -0.82119         0.00000
        -0.82059         0.00001
        -0.81999         0.00001
        -0.81939         0.00001
        -0.81879         0.00001
        -0.81819         0.00002
        -0.81759         0.00002
        -0.81699         0.00002
        -0.81639         0.00003
        -0.81579         0.00003
        -0.81519         0.00003
        -0.81459         0.00004
        -0.81399         0.00004
        -0.81339         0.00005
        -0.81279         0.00006
        -0.81219         0.00006
        -0.81159         0.00007
        -0.81099         0.00008
        -0.81039         0.00009
        -0.80979         0.00011
        -0.80919         0.00012
        -0.80859         0.00014
        -0.80799         0.00016
        -0.80739         0.00018
        -0.80679         0.00020
        -0.80619         0.00023
        -0.80559         0.00026
        -0.80499         0.00029
        -0.80439         0.00033
        -0.80379         0.00038
        -0.80319         0.00043
        -0.80259         0.00050
        -0.80199         0.00057
        -0.80139         0.00065
        -0.80079         0.00074
        -0.80019         0.00085
        -0.79959         0.00098
        -0.79899         0.00113
        -0.79839         0.00130
        -0.79779         0.00151
        -0.79719         0.00175
        -0.79659         0.00203
        -0.79599         0.00237
        -0.79539         0.00276
        -0.79479         0.00324
        -0.79419         0.00381
        -0.79359         0.00450
        -0.79299         0.00533
        -0.79239         0.00634
        -0.79179         0.00757
        -0.79119         0.00909
        -0.79059         0.01096
        -0.78999         0.01329
        -0.78939         0.01621
        -0.78878         0.01988
        -0.78818         0.02455
        -0.78758         0.03050
        -0.78698         0.03813
        -0.78638         0.04795
        -0.78578         0.06059
        -0.78518         0.07681
        -0.78458         0.09733
        -0.78398         0.12800
        -0.78338         0.15569
        -0.78278         0.18784
        -0.78218         0.22230
        -0.78158         0.24982
        -0.78098         0.26830
        -0.78038         0.27487
        -0.77978         0.27318
        -0.77918         0.26227
        -0.77858         0.24753
        -0.77798         0.23165
        -0.77738         0.21614
        -0.77678         0.20201
        -0.77618         0.18967
        -0.77558         0.17910
        -0.77498         0.17008
        -0.77438         0.16263
        -0.77378         0.15654
        -0.77318         0.15166
        -0.77258         0.14783
        -0.77198         0.14494
        -0.77138         0.14288
        -0.77078         0.14158
        -0.77018         0.14096
        -0.76958         0.14098
        -0.76898         0.14159
        -0.76838         0.14276
        -0.76778         0.14447
        -0.76718         0.14669
        -0.76658         0.14942
        -0.76598         0.15264
        -0.76538         0.15636
        -0.76478         0.16057
        -0.76418         0.16527
        -0.76358         0.17047
        -0.76298         0.17616
        -0.76238         0.18235
        -0.76178         0.18905
        -0.76118         0.19624
        -0.76058         0.20393
        -0.75998         0.21211
        -0.75938         0.22076
        -0.75878         0.22986
        -0.75818         0.23939
        -0.75758         0.24930
        -0.75698         0.25954
        -0.75638         0.27006
        -0.75578         0.28078
        -0.75518         0.29163
        -0.75458         0.30249
        -0.75398         0.31327
        -0.75338         0.32385
        -0.75278         0.33411
        -0.75218         0.34394
        -0.75158         0.35320
        -0.75098         0.36180
        -0.75038         0.36963
        -0.74978         0.37660
        -0.74918         0.38265
        -0.74858         0.38774
        -0.74798         0.39185
        -0.74738         0.39497
        -0.74678         0.39714
        -0.74618         0.39839
        -0.74558         0.39879
        -0.74498         0.39843
        -0.74438         0.39738
        -0.74378         0.39575
        -0.74318         0.39363
        -0.74258         0.39114
        -0.74198         0.38837
        -0.74138         0.38543
        -0.74078         0.38243
        -0.74018         0.37947
        -0.73958         0.37666
        -0.73898         0.37414
        -0.73838         0.37202
        -0.73778         0.37049
        -0.73718         0.36972
        -0.73658         0.36999
        -0.73598         0.37162
        -0.73538         0.37509
        -0.73478         0.38100
        -0.73418         0.39021
        -0.73358         0.40380
        -0.73298         0.42299
        -0.73238         0.44889
        -0.73178         0.48420
        -0.73118         0.52140
        -0.73058         0.55634
        -0.72998         0.58226
        -0.72938         0.59309
        -0.72878         0.58895
        -0.72818         0.57472
        -0.72758         0.55613
        -0.72698         0.53725
        -0.72638         0.52023
        -0.72578         0.50587
        -0.72518         0.49439
        -0.72458         0.48532
        -0.72398         0.47917
        -0.72338         0.47426
        -0.72278         0.47120
        -0.72218         0.46970
        -0.72158         0.46956
        -0.72098         0.47063
        -0.72038         0.47281
        -0.71978         0.47600
        -0.71918         0.48015
        -0.71858         0.48521
        -0.71798         0.49115
        -0.71738         0.49795
        -0.71678         0.50560
        -0.71618         0.51409
        -0.71558         0.52342
        -0.71498         0.53360
        -0.71438         0.54464
        -0.71378         0.55653
        -0.71318         0.56929
        -0.71258         0.58292
        -0.71198         0.59741
        -0.71138         0.61275
        -0.71078         0.62891
        -0.71018         0.64586
        -0.70958         0.66353
        -0.70898         0.68183
        -0.70838         0.70066
        -0.70778         0.71988
        -0.70718         0.73931
        -0.70658         0.75877
        -0.70598         0.77804
        -0.70538         0.79688
        -0.70478         0.81504
        -0.70418         0.83229
        -0.70358         0.84840
        -0.70298         0.86318
        -0.70238         0.87648
        -0.70178         0.88820
        -0.70118         0.89829
        -0.70058         0.90676
        -0.69998         0.91367
        -0.69938         0.91910
        -0.69878         0.92319
        -0.69818         0.92608
        -0.69758         0.92793
        -0.69698         0.92889
        -0.69638         0.92913
        -0.69578         0.92876
        -0.69518         0.92793
        -0.69458         0.92674
        -0.69398         0.92528
        -0.69338         0.92364
        -0.69278         0.92186
        -0.69218         0.92002
        -0.69158         0.91815
        -0.69098         0.91628
        -0.69038         0.91444
        -0.68978         0.91265
        -0.68918         0.91093
        -0.68858         0.90930
        -0.68798         0.90776
        -0.68738         0.90633
        -0.68678         0.90502
        -0.68618         0.90384
        -0.68558         0.90279
        -0.68498         0.90190
        -0.68438         0.90117
        -0.68378         0.90061
        -0.68318         0.90023
        -0.68258         0.90005
        -0.68198         0.90008
        -0.68138         0.90032
        -0.68078         0.90080
        -0.68018         0.90152
        -0.67958         0.90250
        -0.67898         0.90375
        -0.67838         0.90527
        -0.67778         0.90709
        -0.67718         0.90920
        -0.67658         0.91163
        -0.67598         0.91437
        -0.67538         0.91744
        -0.67478         0.92084
        -0.67418         0.92458
        -0.67358         0.92867
        -0.67298         0.93310
        -0.67238         0.93787
        -0.67178         0.94299
        -0.67118         0.94844
        -0.67058         0.95423
        -0.66998         0.96035
        -0.66938         0.96679
        -0.66878         0.97353
        -0.66818         0.98056
        -0.66758         0.98786
        -0.66698         0.99541
        -0.66638         1.00319
        -0.66578         1.01117
        -0.66518         1.01932
        -0.66458         1.02761
        -0.66398         1.03600
        -0.66338         1.04447
        -0.66278         1.05298
        -0.66218         1.06148
        -0.66158         1.06994
        -0.66098         1.07832
        -0.66038         1.08659
        -0.65978         1.09471
        -0.65918         1.10264
        -0.65858         1.11036
        -0.65798         1.11784
        -0.65738         1.12505
        -0.65678         1.13197
        -0.65618         1.13860
        -0.65558         1.14491
        -0.65498         1.15091
        -0.65438         1.15659
        -0.65378         1.16196
        -0.65318         1.16702
        -0.65258         1.17180
        -0.65198         1.17632
        -0.65138         1.18058
        -0.65078         1.18462
        -0.65018         1.18847
        -0.64958         1.19214
        -0.64898         1.19569
        -0.64837         1.19912
        -0.64777         1.20249
        -0.64717         1.20581
        -0.64657         1.20911
        -0.64597         1.21244
        -0.64537         1.21581
        -0.64477         1.21926
        -0.64417         1.22281
        -0.64357         1.22648
        -0.64297         1.23030
        -0.64237         1.23428
        -0.64177         1.23844
        -0.64117         1.24281
        -0.64057         1.24739
        -0.63997         1.25219
        -0.63937         1.25724
        -0.63877         1.26253
        -0.63817         1.26807
        -0.63757         1.27387
        -0.63697         1.27993
        -0.63637         1.28626
        -0.63577         1.29286
        -0.63517         1.29973
        -0.63457         1.30686
        -0.63397         1.31425
        -0.63337         1.32191
        -0.63277         1.32983
        -0.63217         1.33800
        -0.63157         1.34642
        -0.63097         1.35508
        -0.63037         1.36398
        -0.62977         1.37311
        -0.62917         1.38246
        -0.62857         1.39202
        -0.62797         1.40180
        -0.62737         1.41177
        -0.62677         1.42193
        -0.62617         1.43228
        -0.62557         1.44279
        -0.62497         1.45348
        -0.62437         1.46432
        -0.62377         1.47530
        -0.62317         1.48643
        -0.62257         1.49769
        -0.62197         1.50907
        -0.62137         1.52057
        -0.62077         1.53219
        -0.62017         1.54390
        -0.61957         1.55572
        -0.61897         1.56763
        -0.61837         1.57963
        -0.61777         1.59172
        -0.61717         1.60389
        -0.61657         1.61614
        -0.61597         1.62847
        -0.61537         1.64088
        -0.61477         1.65337
        -0.61417         1.66595
        -0.61357         1.67860
        -0.61297         1.69134
        -0.61237         1.70416
        -0.61177         1.71708
        -0.61117         1.73009
        -0.61057         1.74321
        -0.60997         1.75643
        -0.60937         1.76978
        -0.60877         1.78324
        -0.60817         1.79684
        -0.60757         1.81058
        -0.60697         1.82447
        -0.60637         1.83853
        -0.60577         1.85275
        -0.60517         1.86717
        -0.60457         1.88178
        -0.60397         1.89661
        -0.60337         1.91166
        -0.60277         1.92696
        -0.60217         1.94252
        -0.60157         1.95836
        -0.60097         1.97449
        -0.60037         1.99094
        -0.59977         2.00774
        -0.59917         2.02490
        -0.59857         2.04245
        -0.59797         2.06042
        -0.59737         2.07884
        -0.59677         2.09775
        -0.59617         2.11717
        -0.59557         2.13716
        -0.59497         2.15774
        -0.59437         2.17898
        -0.59377         2.20090
        -0.59317         2.22358
        -0.59257         2.24706
        -0.59197         2.27140
        -0.59137         2.29668
        -0.59077         2.32295
        -0.59017         2.35030
        -0.58957         2.37881
        -0.58897         2.40855
        -0.58837         2.43962
        -0.58777         2.47212
        -0.58717         2.50614
        -0.58657         2.54178
        -0.58597         2.57916
        -0.58537         2.61840
        -0.58477         2.65961
        -0.58417         2.70292
        -0.58357         2.74846
        -0.58297         2.79638
        -0.58237         2.84681
        -0.58177         2.89990
        -0.58117         2.95581
        -0.58057         3.01468
        -0.57997         3.07669
        -0.57937         3.14199
        -0.57877         3.21076
        -0.57817         3.28316
        -0.57757         3.35937
        -0.57697         3.43956
        -0.57637         3.52391
        -0.57577         3.61260
        -0.57517         3.70579
        -0.57457         3.80367
        -0.57397         3.90640
        -0.57337         4.01414
        -0.57277         4.12707
        -0.57217         4.24533
        -0.57157         4.36906
        -0.57097         4.49842
        -0.57037         4.63353
        -0.56977         4.77450
        -0.56917         4.92144
        -0.56857         5.07445
        -0.56797         5.23361
        -0.56737         5.39899
        -0.56677         5.57064
        -0.56617         5.74861
        -0.56557         5.93292
        -0.56497         6.12360
        -0.56437         6.32064
        -0.56377         6.52403
        -0.56317         6.73376
        -0.56257         6.94980
        -0.56197         7.17209
        -0.56137         7.40058
        -0.56077         7.63519
        -0.56017         7.87583
        -0.55957         8.12239
        -0.55897         8.37471
        -0.55837         8.63261
        -0.55777         8.89589
        -0.55717         9.16424
        -0.55657         9.43734
        -0.55597         9.71477
        -0.55537         9.99602
        -0.55477        10.28048
        -0.55417        10.56743
        -0.55357        10.85604
        -0.55297        11.14534
        -0.55237        11.43424
        -0.55177        11.72153
        -0.55117        12.00590
        -0.55057        12.28595
        -0.54997        12.56024
        -0.54937        12.82728
        -0.54877        13.08563
        -0.54817        13.33388
        -0.54757        13.57075
        -0.54697        13.79510
        -0.54637        14.00595
        -0.54577        14.20254
        -0.54517        14.38430
        -0.54457        14.55090
        -0.54397        14.70219
        -0.54337        14.83822
        -0.54277        14.95920
        -0.54217        15.06547
        -0.54157        15.15744
        -0.54097        15.23562
        -0.54037        15.30054
        -0.53977        15.35275
        -0.53917        15.39279
        -0.53857        15.42120
        -0.53797        15.43850
        -0.53737        15.44518
        -0.53677        15.44174
        -0.53617        15.42864
        -0.53557        15.40635
        -0.53497        15.37535
        -0.53437        15.33613
        -0.53377        15.28917
        -0.53317        15.23499
        -0.53257        15.17409
        -0.53197        15.10702
        -0.53137        15.03430
        -0.53077        14.95646
        -0.53017        14.87403
        -0.52957        14.78752
        -0.52897        14.69742
        -0.52837        14.60420
        -0.52777        14.50829
        -0.52717        14.41011
        -0.52657        14.31002
        -0.52597        14.20837
        -0.52537        14.10546
        -0.52477        14.00157
        -0.52417        13.89693
        -0.52357        13.79176
        -0.52297        13.68625
        -0.52237        13.58056
        -0.52177        13.47486
        -0.52117        13.36926
        -0.52057        13.26390
        -0.51997        13.15888
        -0.51937        13.05430
        -0.51877        12.95027
        -0.51817        12.84688
        -0.51757        12.74423
        -0.51697        12.64239
        -0.51637        12.54147
        -0.51577        12.44157
        -0.51517        12.34276
        -0.51457        12.24515
        -0.51397        12.14885
        -0.51337        12.05393
        -0.51277        11.96052
        -0.51217        11.86870
        -0.51157        11.77859
        -0.51097        11.69028
        -0.51037        11.60388
        -0.50977        11.51951
        -0.50917        11.43725
        -0.50857        11.35722
        -0.50797        11.27952
        -0.50736        11.20426
        -0.50676        11.13153
        -0.50616        11.06144
        -0.50556        10.99409
        -0.50496        10.92957
        -0.50436        10.86798
        -0.50376        10.80942
        -0.50316        10.75397
        -0.50256        10.70173
        -0.50196        10.65278
        -0.50136        10.60722
        -0.50076        10.56513
        -0.50016        10.52659
        -0.49956        10.49169
        -0.49896        10.46050
        -0.49836        10.43310
        -0.49776        10.40958
        -0.49716        10.39000
        -0.49656        10.37445
        -0.49596        10.36300
        -0.49536        10.35571
        -0.49476        10.35266
        -0.49416        10.35393
        -0.49356        10.35957
        -0.49296        10.36965
        -0.49236        10.38424
        -0.49176        10.40339
        -0.49116        10.42718
        -0.49056        10.45565
        -0.48996        10.48886
        -0.48936        10.52686
        -0.48876        10.56970
        -0.48816        10.61741
        -0.48756        10.67003
        -0.48696        10.72760
        -0.48636        10.79012
        -0.48576        10.85763
        -0.48516        10.93012
        -0.48456        11.00758
        -0.48396        11.09001
        -0.48336        11.17738
        -0.48276        11.26964
        -0.48216        11.36673
        -0.48156        11.46859
        -0.48096        11.57512
        -0.48036        11.68623
        -0.47976        11.80176
        -0.47916        11.92159
        -0.47856        12.04553
        -0.47796        12.17339
        -0.47736        12.30496
        -0.47676        12.43999
        -0.47616        12.57820
        -0.47556        12.71931
        -0.47496        12.86300
        -0.47436        13.00893
        -0.47376        13.15673
        -0.47316        13.30602
        -0.47256        13.45639
        -0.47196        13.60741
        -0.47136        13.75866
        -0.47076        13.90967
        -0.47016        14.05999
        -0.46956        14.20917
        -0.46896        14.35673
        -0.46836        14.50223
        -0.46776        14.64522
        -0.46716        14.78526
        -0.46656        14.92195
        -0.46596        15.05488
        -0.46536        15.18371
        -0.46476        15.30809
        -0.46416        15.42774
        -0.46356        15.54241
        -0.46296        15.65186
        -0.46236        15.75593
        -0.46176        15.85450
        -0.46116        15.94748
        -0.46056        16.03483
        -0.45996        16.11656
        -0.45936        16.19271
        -0.45876        16.26338
        -0.45816        16.32869
        -0.45756        16.38880
        -0.45696        16.44391
        -0.45636        16.49425
        -0.45576        16.54005
        -0.45516        16.58161
        -0.45456        16.61919
        -0.45396        16.65311
        -0.45336        16.68368
        -0.45276        16.71122
        -0.45216        16.73605
        -0.45156        16.75851
        -0.45096        16.77890
        -0.45036        16.79756
        -0.44976        16.81479
        -0.44916        16.83089
        -0.44856        16.84617
        -0.44796        16.86089
        -0.44736        16.87532
        -0.44676        16.88973
        -0.44616        16.90434
        -0.44556        16.91938
        -0.44496        16.93505
        -0.44436        16.95155
        -0.44376        16.96905
        -0.44316        16.98771
        -0.44256        17.00767
        -0.44196        17.02905
        -0.44136        17.05197
        -0.44076        17.07652
        -0.44016        17.10278
        -0.43956        17.13082
        -0.43896        17.16068
        -0.43836        17.19240
        -0.43776        17.22600
        -0.43716        17.26150
        -0.43656        17.29889
        -0.43596        17.33816
        -0.43536        17.37928
        -0.43476        17.42221
        -0.43416        17.46690
        -0.43356        17.51329
        -0.43296        17.56131
        -0.43236        17.61089
        -0.43176        17.66192
        -0.43116        17.71432
        -0.43056        17.76797
        -0.42996        17.82276
        -0.42936        17.87856
        -0.42876        17.93525
        -0.42816        17.99267
        -0.42756        18.05069
        -0.42696        18.10915
        -0.42636        18.16789
        -0.42576        18.22675
        -0.42516        18.28555
        -0.42456        18.34411
        -0.42396        18.40226
        -0.42336        18.45980
        -0.42276        18.51656
        -0.42216        18.57232
        -0.42156        18.62690
        -0.42096        18.68010
        -0.42036        18.73171
        -0.41976        18.78153
        -0.41916        18.82936
        -0.41856        18.87499
        -0.41796        18.91822
        -0.41736        18.95886
        -0.41676        18.99670
        -0.41616        19.03154
        -0.41556        19.06319
        -0.41496        19.09148
        -0.41436        19.11621
        -0.41376        19.13723
        -0.41316        19.15436
        -0.41256        19.16746
        -0.41196        19.17638
        -0.41136        19.18100
        -0.41076        19.18120
        -0.41016        19.17689
        -0.40956        19.16799
        -0.40896        19.15442
        -0.40836        19.13615
        -0.40776        19.11314
        -0.40716        19.08540
        -0.40656        19.05293
        -0.40596        19.01578
        -0.40536        18.97399
        -0.40476        18.92765
        -0.40416        18.87686
        -0.40356        18.82174
        -0.40296        18.76242
        -0.40236        18.69907
        -0.40176        18.63185
        -0.40116        18.56098
        -0.40056        18.48664
        -0.39996        18.40907
        -0.39936        18.32849
        -0.39876        18.24515
        -0.39816        18.15929
        -0.39756        18.07118
        -0.39696        17.98106
        -0.39636        17.88920
        -0.39576        17.79584
        -0.39516        17.70125
        -0.39456        17.60567
        -0.39396        17.50934
        -0.39336        17.41249
        -0.39276        17.31534
        -0.39216        17.21810
        -0.39156        17.12096
        -0.39096        17.02411
        -0.39036        16.92771
        -0.38976        16.83190
        -0.38916        16.73682
        -0.38856        16.64259
        -0.38796        16.54930
        -0.38736        16.45704
        -0.38676        16.36587
        -0.38616        16.27585
        -0.38556        16.18701
        -0.38496        16.09937
        -0.38436        16.01295
        -0.38376        15.92774
        -0.38316        15.84374
        -0.38256        15.76093
        -0.38196        15.67929
        -0.38136        15.59877
        -0.38076        15.51936
        -0.38016        15.44101
        -0.37956        15.36369
        -0.37896        15.28736
        -0.37836        15.21199
        -0.37776        15.13754
        -0.37716        15.06398
        -0.37656        14.99129
        -0.37596        14.91946
        -0.37536        14.84846
        -0.37476        14.77830
        -0.37416        14.70896
        -0.37356        14.64047
        -0.37296        14.57282
        -0.37236        14.50605
        -0.37176        14.44016
        -0.37116        14.37521
        -0.37056        14.31121
        -0.36996        14.24821
        -0.36936        14.18626
        -0.36876        14.12540
        -0.36816        14.06568
        -0.36756        14.00717
        -0.36695        13.94991
        -0.36635        13.89397
        -0.36575        13.83940
        -0.36515        13.78627
        -0.36455        13.73462
        -0.36395        13.68453
        -0.36335        13.63604
        -0.36275        13.58921
        -0.36215        13.54411
        -0.36155        13.50078
        -0.36095        13.45927
        -0.36035        13.41964
        -0.35975        13.38194
        -0.35915        13.34620
        -0.35855        13.31247
        -0.35795        13.28080
        -0.35735        13.25123
        -0.35675        13.22379
        -0.35615        13.19853
        -0.35555        13.17547
        -0.35495        13.15466
        -0.35435        13.13613
        -0.35375        13.11991
        -0.35315        13.10605
        -0.35255        13.09457
        -0.35195        13.08551
        -0.35135        13.07892
        -0.35075        13.07482
        -0.35015        13.07327
        -0.34955        13.07431
        -0.34895        13.07798
        -0.34835        13.08433
        -0.34775        13.09343
        -0.34715        13.10532
        -0.34655        13.12008
        -0.34595        13.13777
        -0.34535        13.15847
        -0.34475        13.18224
        -0.34415        13.20919
        -0.34355        13.23940
        -0.34295        13.27298
        -0.34235        13.31001
        -0.34175        13.35063
        -0.34115        13.39494
        -0.34055        13.44308
        -0.33995        13.49518
        -0.33935        13.55138
        -0.33875        13.61184
        -0.33815        13.67671
        -0.33755        13.74616
        -0.33695        13.82037
        -0.33635        13.89953
        -0.33575        13.98383
        -0.33515        14.07347
        -0.33455        14.16868
        -0.33395        14.26967
        -0.33335        14.37668
        -0.33275        14.48997
        -0.33215        14.60979
        -0.33155        14.73641
        -0.33095        14.87011
        -0.33035        15.01121
        -0.32975        15.16001
        -0.32915        15.31684
        -0.32855        15.48205
        -0.32795        15.65601
        -0.32735        15.83909
        -0.32675        16.03170
        -0.32615        16.23428
        -0.32555        16.44726
        -0.32495        16.67112
        -0.32435        16.90637
        -0.32375        17.15352
        -0.32315        17.41316
        -0.32255        17.68586
        -0.32195        17.97226
        -0.32135        18.27302
        -0.32075        18.58885
        -0.32015        18.92049
        -0.31955        19.26874
        -0.31895        19.63443
        -0.31835        20.01845
        -0.31775        20.42173
        -0.31715        20.84528
        -0.31655        21.29013
        -0.31595        21.75737
        -0.31535        22.24817
        -0.31475        22.76371
        -0.31415        23.30526
        -0.31355        23.87409
        -0.31295        24.47155
        -0.31235        25.09897
        -0.31175        25.75771
        -0.31115        26.44910
        -0.31055        27.17442
        -0.30995        27.93489
        -0.30935        28.73156
        -0.30875        29.56532
        -0.30815        30.43677
        -0.30755        31.34618
        -0.30695        32.29333
        -0.30635        33.27745
        -0.30575        34.29702
        -0.30515        35.34965
        -0.30455        36.43191
        -0.30395        37.53913
        -0.30335        38.66528
        -0.30275        39.80279
        -0.30215        40.94248
        -0.30155        42.07348
        -0.30095        43.18333
        -0.30035        44.25815
        -0.29975        45.28288
        -0.29915        46.24182
        -0.29855        47.11913
        -0.29795        47.89958
        -0.29735        48.56930
        -0.29675        49.11655
        -0.29615        49.53244
        -0.29555        49.81147
        -0.29495        49.95188
        -0.29435        49.95573
        -0.29375        49.82876
        -0.29315        49.57994
        -0.29255        49.22087
        -0.29195        48.76507
        -0.29135        48.22716
        -0.29075        47.62215
        -0.29015        46.96477
        -0.28955        46.26893
        -0.28895        45.54734
        -0.28835        44.81124
        -0.28775        44.07030
        -0.28715        43.33258
        -0.28655        42.60463
        -0.28595        41.89154
        -0.28535        41.19718
        -0.28475        40.52428
        -0.28415        39.87466
        -0.28355        39.24936
        -0.28295        38.64879
        -0.28235        38.07287
        -0.28175        37.52115
        -0.28115        36.99287
        -0.28055        36.48708
        -0.27995        36.00268
        -0.27935        35.53851
        -0.27875        35.09333
        -0.27815        34.66593
        -0.27755        34.25507
        -0.27695        33.85959
        -0.27635        33.47835
        -0.27575        33.11028
        -0.27515        32.75439
        -0.27455        32.40975
        -0.27395        32.07549
        -0.27335        31.75085
        -0.27275        31.43512
        -0.27215        31.12766
        -0.27155        30.82793
        -0.27095        30.53542
        -0.27035        30.24970
        -0.26975        29.97042
        -0.26915        29.69724
        -0.26855        29.42992
        -0.26795        29.16823
        -0.26735        28.91200
        -0.26675        28.66110
        -0.26615        28.41542
        -0.26555        28.17489
        -0.26495        27.93947
        -0.26435        27.70913
        -0.26375        27.48387
        -0.26315        27.26370
        -0.26255        27.04864
        -0.26195        26.83872
        -0.26135        26.63398
        -0.26075        26.43447
        -0.26015        26.24025
        -0.25955        26.05135
        -0.25895        25.86783
        -0.25835        25.68974
        -0.25775        25.51712
        -0.25715        25.35003
        -0.25655        25.18850
        -0.25595        25.03257
        -0.25535        24.88227
        -0.25475        24.73763
        -0.25415        24.59867
        -0.25355        24.46541
        -0.25295        24.33786
        -0.25235        24.21602
        -0.25175        24.09990
        -0.25115        23.98949
        -0.25055        23.88479
        -0.24995        23.78577
        -0.24935        23.69243
        -0.24875        23.60474
        -0.24815        23.52267
        -0.24755        23.44618
        -0.24695        23.37525
        -0.24635        23.30983
        -0.24575        23.24989
        -0.24515        23.19536
        -0.24455        23.14620
        -0.24395        23.10236
        -0.24335        23.06377
        -0.24275        23.03038
        -0.24215        23.00211
        -0.24155        22.97889
        -0.24095        22.96065
        -0.24035        22.94731
        -0.23975        22.93879
        -0.23915        22.93499
        -0.23855        22.93582
        -0.23795        22.94117
        -0.23735        22.95096
        -0.23675        22.96505
        -0.23615        22.98333
        -0.23555        23.00569
        -0.23495        23.03197
        -0.23435        23.06205
        -0.23375        23.09577
        -0.23315        23.13297
        -0.23255        23.17349
        -0.23195        23.21715
        -0.23135        23.26376
        -0.23075        23.31311
        -0.23015        23.36501
        -0.22955        23.41923
        -0.22895        23.47552
        -0.22835        23.53366
        -0.22775        23.59338
        -0.22715        23.65441
        -0.22655        23.71646
        -0.22594        23.77923
        -0.22534        23.84243
        -0.22474        23.90573
        -0.22414        23.96880
        -0.22354        24.03129
        -0.22294        24.09285
        -0.22234        24.15312
        -0.22174        24.21173
        -0.22114        24.26831
        -0.22054        24.32247
        -0.21994        24.37384
        -0.21934        24.42202
        -0.21874        24.46664
        -0.21814        24.50733
        -0.21754        24.54370
        -0.21694        24.57541
        -0.21634        24.60209
        -0.21574        24.62343
        -0.21514        24.63910
        -0.21454        24.64882
        -0.21394        24.65231
        -0.21334        24.64933
        -0.21274        24.63968
        -0.21214        24.62317
        -0.21154        24.59966
        -0.21094        24.56904
        -0.21034        24.53124
        -0.20974        24.48622
        -0.20914        24.43400
        -0.20854        24.37462
        -0.20794        24.30815
        -0.20734        24.23473
        -0.20674        24.15451
        -0.20614        24.06767
        -0.20554        23.97444
        -0.20494        23.87507
        -0.20434        23.76983
        -0.20374        23.65902
        -0.20314        23.54294
        -0.20254        23.42192
        -0.20194        23.29630
        -0.20134        23.16640
        -0.20074        23.03255
        -0.20014        22.89510
        -0.19954        22.75435
        -0.19894        22.61061
        -0.19834        22.46416
        -0.19774        22.31526
        -0.19714        22.16417
        -0.19654        22.01108
        -0.19594        21.85618
        -0.19534        21.69962
        -0.19474        21.54151
        -0.19414        21.38195
        -0.19354        21.22098
        -0.19294        21.05863
        -0.19234        20.89487
        -0.19174        20.72968
        -0.19114        20.56299
        -0.19054        20.39469
        -0.18994        20.22469
        -0.18934        20.05285
        -0.18874        19.87903
        -0.18814        19.70309
        -0.18754        19.52487
        -0.18694        19.34421
        -0.18634        19.16099
        -0.18574        18.97505
        -0.18514        18.78629
        -0.18454        18.59461
        -0.18394        18.39993
        -0.18334        18.20221
        -0.18274        18.00143
        -0.18214        17.79760
        -0.18154        17.59076
        -0.18094        17.38101
        -0.18034        17.16845
        -0.17974        16.95323
        -0.17914        16.73553
        -0.17854        16.51556
        -0.17794        16.29356
        -0.17734        16.06978
        -0.17674        15.84452
        -0.17614        15.61806
        -0.17554        15.39073
        -0.17494        15.16283
        -0.17434        14.93471
        -0.17374        14.70669
        -0.17314        14.47911
        -0.17254        14.25227
        -0.17194        14.02651
        -0.17134        13.80213
        -0.17074        13.57941
        -0.17014        13.35864
        -0.16954        13.14008
        -0.16894        12.92398
        -0.16834        12.71054
        -0.16774        12.49999
        -0.16714        12.29251
        -0.16654        12.08826
        -0.16594        11.88738
        -0.16534        11.69001
        -0.16474        11.49626
        -0.16414        11.30621
        -0.16354        11.11994
        -0.16294        10.93751
        -0.16234        10.75896
        -0.16174        10.58432
        -0.16114        10.41361
        -0.16054        10.24683
        -0.15994        10.08397
        -0.15934         9.92502
        -0.15874         9.76996
        -0.15814         9.61875
        -0.15754         9.47135
        -0.15694         9.32772
        -0.15634         9.18781
        -0.15574         9.05155
        -0.15514         8.91890
        -0.15454         8.78979
        -0.15394         8.66415
        -0.15334         8.54192
        -0.15274         8.42302
        -0.15214         8.30740
        -0.15154         8.19497
        -0.15094         8.08567
        -0.15034         7.97943
        -0.14974         7.87616
        -0.14914         7.77582
        -0.14854         7.67831
        -0.14794         7.58358
        -0.14734         7.49155
        -0.14674         7.40216
        -0.14614         7.31534
        -0.14554         7.23103
        -0.14494         7.14916
        -0.14434         7.06967
        -0.14374         6.99251
        -0.14314         6.91760
        -0.14254         6.84490
        -0.14194         6.77434
        -0.14134         6.70588
        -0.14074         6.63945
        -0.14014         6.57502
        -0.13954         6.51252
        -0.13894         6.45192
        -0.13834         6.39316
        -0.13774         6.33620
        -0.13714         6.28099
        -0.13654         6.22750
        -0.13594         6.17568
        -0.13534         6.12550
        -0.13474         6.07691
        -0.13414         6.02988
        -0.13354         5.98438
        -0.13294         5.94036
        -0.13234         5.89780
        -0.13174         5.85667
        -0.13114         5.81694
        -0.13054         5.77857
        -0.12994         5.74154
        -0.12934         5.70582
        -0.12874         5.67139
        -0.12814         5.63821
        -0.12754         5.60628
        -0.12694         5.57556
        -0.12634         5.54603
        -0.12574         5.51768
        -0.12514         5.49047
        -0.12454         5.46440
        -0.12394         5.43944
        -0.12334         5.41558
        -0.12274         5.39279
        -0.12214         5.37107
        -0.12154         5.35040
        -0.12094         5.33076
        -0.12034         5.31214
        -0.11974         5.29453
        -0.11914         5.27791
        -0.11854         5.26227
        -0.11794         5.24760
        -0.11734         5.23390
        -0.11674         5.22114
        -0.11614         5.20932
        -0.11554         5.19844
        -0.11494         5.18847
        -0.11434         5.17943
        -0.11374         5.17129
        -0.11314         5.16405
        -0.11254         5.15771
        -0.11194         5.15226
        -0.11134         5.14769
        -0.11074         5.14400
        -0.11014         5.14118
        -0.10954         5.13923
        -0.10894         5.13816
        -0.10834         5.13794
        -0.10774         5.13859
        -0.10714         5.14009
        -0.10654         5.14245
        -0.10594         5.14567
        -0.10534         5.14974
        -0.10474         5.15466
        -0.10414         5.16044
        -0.10354         5.16706
        -0.10294         5.17454
        -0.10234         5.18287
        -0.10174         5.19205
        -0.10114         5.20209
        -0.10054         5.21297
        -0.09994         5.22472
        -0.09934         5.23732
        -0.09874         5.25077
        -0.09814         5.26509
        -0.09754         5.28027
        -0.09694         5.29632
        -0.09634         5.31323
        -0.09574         5.33101
        -0.09514         5.34965
        -0.09454         5.36918
        -0.09394         5.38957
        -0.09334         5.41085
        -0.09274         5.43301
        -0.09214         5.45605
        -0.09154         5.47997
        -0.09094         5.50478
        -0.09034         5.53048
        -0.08974         5.55707
        -0.08914         5.58456
        -0.08854         5.61294
        -0.08794         5.64222
        -0.08734         5.67239
        -0.08674         5.70346
        -0.08614         5.73543
        -0.08553         5.76830
        -0.08493         5.80207
        -0.08433         5.83673
        -0.08373         5.87229
        -0.08313         5.90875
        -0.08253         5.94610
        -0.08193         5.98434
        -0.08133         6.02346
        -0.08073         6.06347
        -0.08013         6.10437
        -0.07953         6.14613
        -0.07893         6.18877
        -0.07833         6.23227
        -0.07773         6.27663
        -0.07713         6.32185
        -0.07653         6.36791
        -0.07593         6.41480
        -0.07533         6.46252
        -0.07473         6.51107
        -0.07413         6.56042
        -0.07353         6.61058
        -0.07293         6.66153
        -0.07233         6.71327
        -0.07173         6.76578
        -0.07113         6.81905
        -0.07053         6.87308
        -0.06993         6.92786
        -0.06933         6.98337
        -0.06873         7.03962
        -0.06813         7.09658
        -0.06753         7.15427
        -0.06693         7.21266
        -0.06633         7.27177
        -0.06573         7.33158
        -0.06513         7.39209
        -0.06453         7.45331
        -0.06393         7.51524
        -0.06333         7.57788
        -0.06273         7.64125
        -0.06213         7.70535
        -0.06153         7.77020
        -0.06093         7.83582
        -0.06033         7.90222
        -0.05973         7.96944
        -0.05913         8.03750
        -0.05853         8.10642
        -0.05793         8.17626
        -0.05733         8.24704
        -0.05673         8.31882
        -0.05613         8.39163
        -0.05553         8.46554
        -0.05493         8.54059
        -0.05433         8.61686
        -0.05373         8.69440
        -0.05313         8.77329
        -0.05253         8.85358
        -0.05193         8.93536
        -0.05133         9.01871
        -0.05073         9.10369
        -0.05013         9.19039
        -0.04953         9.27889
        -0.04893         9.36925
        -0.04833         9.46157
        -0.04773         9.55591
        -0.04713         9.65234
        -0.04653         9.75092
        -0.04593         9.85171
        -0.04533         9.95476
        -0.04473        10.06011
        -0.04413        10.16778
        -0.04353        10.27778
        -0.04293        10.39012
        -0.04233        10.50476
        -0.04173        10.62168
        -0.04113        10.74080
        -0.04053        10.86205
        -0.03993        10.98531
        -0.03933        11.11044
        -0.03873        11.23729
        -0.03813        11.36564
        -0.03753        11.49529
        -0.03693        11.62596
        -0.03633        11.75738
        -0.03573        11.88922
        -0.03513        12.02114
        -0.03453        12.15276
        -0.03393        12.28368
        -0.03333        12.41348
        -0.03273        12.54171
        -0.03213        12.66793
        -0.03153        12.79165
        -0.03093        12.91241
        -0.03033        13.02975
        -0.02973        13.14321
        -0.02913        13.25233
        -0.02853        13.35670
        -0.02793        13.45592
        -0.02733        13.54963
        -0.02673        13.63751
        -0.02613        13.71927
        -0.02553        13.79470
        -0.02493        13.86360
        -0.02433        13.92587
        -0.02373        13.98142
        -0.02313        14.03026
        -0.02253        14.07241
        -0.02193        14.10799
        -0.02133        14.13714
        -0.02073        14.16005
        -0.02013        14.17697
        -0.01953        14.18817
        -0.01893        14.19397
        -0.01833        14.19471
        -0.01773        14.19076
        -0.01713        14.18249
        -0.01653        14.17032
        -0.01593        14.15465
        -0.01533        14.13588
        -0.01473        14.11444
        -0.01413        14.09074
        -0.01353        14.06517
        -0.01293        14.03814
        -0.01233        14.01002
        -0.01173        13.98118
        -0.01113        13.95199
        -0.01053        13.92277
        -0.00993        13.89386
        -0.00933        13.86556
        -0.00873        13.83816
        -0.00813        13.81194
        -0.00753        13.78715
        -0.00693        13.76402
        -0.00633        13.74280
        -0.00573        13.72368
        -0.00513        13.70687
        -0.00453        13.69255
        -0.00393        13.68090
        -0.00333        13.67207
        -0.00273        13.66622
        -0.00213        13.66349
        -0.00153        13.66402
        -0.00093        13.66793
        -0.00033        13.67535
         0.00027        13.68639
         0.00087        13.70117
         0.00147        13.71979
         0.00207        13.74236
         0.00267        13.76898
         0.00327        13.79975
         0.00387        13.83477
         0.00447        13.87414
         0.00507        13.91797
         0.00567        13.96635
         0.00627        14.01938
         0.00687        14.07717
         0.00747        14.13982
         0.00807        14.20744
         0.00867        14.28015
         0.00927        14.35806
         0.00987        14.44129
         0.01047        14.52995
         0.01107        14.62418
         0.01167        14.72412
         0.01227        14.82989
         0.01287        14.94164
         0.01347        15.05953
         0.01407        15.18369
         0.01467        15.31431
         0.01527        15.45153
         0.01587        15.59554
         0.01647        15.74653
         0.01707        15.90467
         0.01767        16.07016
         0.01827        16.24321
         0.01887        16.42403
         0.01947        16.61283
         0.02007        16.80985
         0.02067        17.01532
         0.02127        17.22949
         0.02187        17.45259
         0.02247        17.68489
         0.02307        17.92667
         0.02367        18.17818
         0.02427        18.43970
         0.02487        18.71153
         0.02547        18.99394
         0.02607        19.28723
         0.02667        19.59169
         0.02727        19.90761
         0.02787        20.23527
         0.02847        20.57494
         0.02907        20.92689
         0.02967        21.29136
         0.03027        21.66856
         0.03087        22.05867
         0.03147        22.46183
         0.03207        22.87809
         0.03267        23.30747
         0.03327        23.74986
         0.03387        24.20505
         0.03447        24.67269
         0.03507        25.15226
         0.03567        25.64304
         0.03627        26.14408
         0.03687        26.65416
         0.03747        27.17172
         0.03807        27.69487
         0.03867        28.22129
         0.03927        28.74825
         0.03987        29.27250
         0.04047        29.79031
         0.04107        30.29739
         0.04167        30.78893
         0.04227        31.25962
         0.04287        31.70363
         0.04347        32.11478
         0.04407        32.48655
         0.04467        32.81226
         0.04527        33.08526
         0.04587        33.29908
         0.04647        33.44769
         0.04707        33.52570
         0.04767        33.52865
         0.04827        33.45315
         0.04887        33.29716
         0.04947        33.06006
         0.05007        32.74277
         0.05067        32.34774
         0.05127        31.87893
         0.05187        31.34162
         0.05247        30.74226
         0.05307        30.08822
         0.05367        29.38747
         0.05427        28.64836
         0.05488        27.87929
         0.05548        27.08847
         0.05608        26.28374
         0.05668        25.47235
         0.05728        24.66084
         0.05788        23.85503
         0.05848        23.05990
         0.05908        22.27965
         0.05968        21.51771
         0.06028        20.77682
         0.06088        20.05903
         0.06148        19.36585
         0.06208        18.69826
         0.06268        18.05684
         0.06328        17.44178
         0.06388        16.85299
         0.06448        16.29014
         0.06508        15.75272
         0.06568        15.24005
         0.06628        14.75138
         0.06688        14.28584
         0.06748        13.84255
         0.06808        13.42058
         0.06868        13.01898
         0.06928        12.63683
         0.06988        12.27318
         0.07048        11.92714
         0.07108        11.59782
         0.07168        11.28437
         0.07228        10.98597
         0.07288        10.70184
         0.07348        10.43122
         0.07408        10.17340
         0.07468         9.92771
         0.07528         9.69350
         0.07588         9.47016
         0.07648         9.25712
         0.07708         9.05383
         0.07768         8.85978
         0.07828         8.67449
         0.07888         8.49749
         0.07948         8.32837
         0.08008         8.16671
         0.08068         8.01214
         0.08128         7.86428
         0.08188         7.72281
         0.08248         7.58741
         0.08308         7.45776
         0.08368         7.33359
         0.08428         7.21463
         0.08488         7.10063
         0.08548         6.99135
         0.08608         6.88656
         0.08668         6.78605
         0.08728         6.68962
         0.08788         6.59708
         0.08848         6.50825
         0.08908         6.42296
         0.08968         6.34105
         0.09028         6.26238
         0.09088         6.18678
         0.09148         6.11413
         0.09208         6.04430
         0.09268         5.97717
         0.09328         5.91262
         0.09388         5.85053
         0.09448         5.79081
         0.09508         5.73336
         0.09568         5.67807
         0.09628         5.62487
         0.09688         5.57366
         0.09748         5.52436
         0.09808         5.47689
         0.09868         5.43119
         0.09928         5.38717
         0.09988         5.34478
         0.10048         5.30395
         0.10108         5.26461
         0.10168         5.22672
         0.10228         5.19021
         0.10288         5.15503
         0.10348         5.12112
         0.10408         5.08845
         0.10468         5.05697
         0.10528         5.02662
         0.10588         4.99737
         0.10648         4.96918
         0.10708         4.94200
         0.10768         4.91581
         0.10828         4.89056
         0.10888         4.86622
         0.10948         4.84276
         0.11008         4.82014
         0.11068         4.79835
         0.11128         4.77733
         0.11188         4.75708
         0.11248         4.73756
         0.11308         4.71875
         0.11368         4.70062
         0.11428         4.68315
         0.11488         4.66632
         0.11548         4.65010
         0.11608         4.63447
         0.11668         4.61941
         0.11728         4.60491
         0.11788         4.59095
         0.11848         4.57749
         0.11908         4.56454
         0.11968         4.55207
         0.12028         4.54006
         0.12088         4.52851
         0.12148         4.51738
         0.12208         4.50668
         0.12268         4.49638
         0.12328         4.48647
         0.12388         4.47694
         0.12448         4.46777
         0.12508         4.45895
         0.12568         4.45047
         0.12628         4.44232
         0.12688         4.43447
         0.12748         4.42694
         0.12808         4.41969
         0.12868         4.41272
         0.12928         4.40602
         0.12988         4.39958
         0.13048         4.39339
         0.13108         4.38743
         0.13168         4.38170
         0.13228         4.37619
         0.13288         4.37089
         0.13348         4.36578
         0.13408         4.36086
         0.13468         4.35612
         0.13528         4.35155
         0.13588         4.34715
         0.13648         4.34289
         0.13708         4.33877
         0.13768         4.33479
         0.13828         4.33094
         0.13888         4.32720
         0.13948         4.32357
         0.14008         4.32003
         0.14068         4.31659
         0.14128         4.31323
         0.14188         4.30995
         0.14248         4.30673
         0.14308         4.30357
         0.14368         4.30046
         0.14428         4.29740
         0.14488         4.29436
         0.14548         4.29136
         0.14608         4.28837
         0.14668         4.28539
         0.14728         4.28242
         0.14788         4.27944
         0.14848         4.27646
         0.14908         4.27345
         0.14968         4.27042
         0.15028         4.26735
         0.15088         4.26425
         0.15148         4.26110
         0.15208         4.25790
         0.15268         4.25463
         0.15328         4.25131
         0.15388         4.24790
         0.15448         4.24442
         0.15508         4.24086
         0.15568         4.23720
         0.15628         4.23345
         0.15688         4.22960
         0.15748         4.22564
         0.15808         4.22156
         0.15868         4.21737
         0.15928         4.21306
         0.15988         4.20861
         0.16048         4.20404
         0.16108         4.19933
         0.16168         4.19449
         0.16228         4.18949
         0.16288         4.18436
         0.16348         4.17907
         0.16408         4.17363
         0.16468         4.16803
         0.16528         4.16227
         0.16588         4.15635
         0.16648         4.15027
         0.16708         4.14402
         0.16768         4.13761
         0.16828         4.13103
         0.16888         4.12428
         0.16948         4.11735
         0.17008         4.11026
         0.17068         4.10300
         0.17128         4.09557
         0.17188         4.08796
         0.17248         4.08019
         0.17308         4.07224
         0.17368         4.06413
         0.17428         4.05585
         0.17488         4.04740
         0.17548         4.03879
         0.17608         4.03002
         0.17668         4.02108
         0.17728         4.01199
         0.17788         4.00275
         0.17848         3.99335
         0.17908         3.98380
         0.17968         3.97411
         0.18028         3.96427
         0.18088         3.95429
         0.18148         3.94418
         0.18208         3.93394
         0.18268         3.92357
         0.18328         3.91308
         0.18388         3.90247
         0.18448         3.89174
         0.18508         3.88091
         0.18568         3.86997
         0.18628         3.85893
         0.18688         3.84780
         0.18748         3.83658
         0.18808         3.82527
         0.18868         3.81389
         0.18928         3.80243
         0.18988         3.79090
         0.19048         3.77931
         0.19108         3.76766
         0.19168         3.75596
         0.19228         3.74422
         0.19288         3.73243
         0.19348         3.72061
         0.19408         3.70876
         0.19468         3.69689
         0.19528         3.68499
         0.19589         3.67309
         0.19649         3.66118
         0.19709         3.64926
         0.19769         3.63736
         0.19829         3.62546
         0.19889         3.61357
         0.19949         3.60171
         0.20009         3.58987
         0.20069         3.57806
         0.20129         3.56629
         0.20189         3.55455
         0.20249         3.54287
         0.20309         3.53123
         0.20369         3.51965
         0.20429         3.50813
         0.20489         3.49668
         0.20549         3.48529
         0.20609         3.47398
         0.20669         3.46275
         0.20729         3.45159
         0.20789         3.44053
         0.20849         3.42955
         0.20909         3.41867
         0.20969         3.40789
         0.21029         3.39721
         0.21089         3.38663
         0.21149         3.37616
         0.21209         3.36580
         0.21269         3.35555
         0.21329         3.34543
         0.21389         3.33542
         0.21449         3.32554
         0.21509         3.31578
         0.21569         3.30615
         0.21629         3.29665
         0.21689         3.28728
         0.21749         3.27805
         0.21809         3.26895
         0.21869         3.25999
         0.21929         3.25117
         0.21989         3.24250
         0.22049         3.23397
         0.22109         3.22558
         0.22169         3.21734
         0.22229         3.20924
         0.22289         3.20130
         0.22349         3.19350
         0.22409         3.18585
         0.22469         3.17836
         0.22529         3.17102
         0.22589         3.16383
         0.22649         3.15679
         0.22709         3.14991
         0.22769         3.14318
         0.22829         3.13661
         0.22889         3.13019
         0.22949         3.12392
         0.23009         3.11781
         0.23069         3.11186
         0.23129         3.10606
         0.23189         3.10042
         0.23249         3.09493
         0.23309         3.08960
         0.23369         3.08442
         0.23429         3.07939
         0.23489         3.07452
         0.23549         3.06980
         0.23609         3.06524
         0.23669         3.06083
         0.23729         3.05657
         0.23789         3.05247
         0.23849         3.04851
         0.23909         3.04471
         0.23969         3.04105
         0.24029         3.03755
         0.24089         3.03420
         0.24149         3.03099
         0.24209         3.02793
         0.24269         3.02502
         0.24329         3.02225
         0.24389         3.01963
         0.24449         3.01715
         0.24509         3.01482
         0.24569         3.01263
         0.24629         3.01058
         0.24689         3.00867
         0.24749         3.00690
         0.24809         3.00527
         0.24869         3.00378
         0.24929         3.00242
         0.24989         3.00120
         0.25049         3.00012
         0.25109         2.99916
         0.25169         2.99834
         0.25229         2.99765
         0.25289         2.99709
         0.25349         2.99665
         0.25409         2.99634
         0.25469         2.99616
         0.25529         2.99610
         0.25589         2.99616
         0.25649         2.99634
         0.25709         2.99665
         0.25769         2.99706
         0.25829         2.99760
         0.25889         2.99825
         0.25949         2.99900
         0.26009         2.99987
         0.26069         3.00085
         0.26129         3.00194
         0.26189         3.00313
         0.26249         3.00442
         0.26309         3.00581
         0.26369         3.00730
         0.26429         3.00888
         0.26489         3.01057
         0.26549         3.01234
         0.26609         3.01420
         0.26669         3.01616
         0.26729         3.01819
         0.26789         3.02031
         0.26849         3.02252
         0.26909         3.02480
         0.26969         3.02716
         0.27029         3.02960
         0.27089         3.03211
         0.27149         3.03469
         0.27209         3.03734
         0.27269         3.04006
         0.27329         3.04284
         0.27389         3.04569
         0.27449         3.04860
         0.27509         3.05157
         0.27569         3.05460
         0.27629         3.05768
         0.27689         3.06083
         0.27749         3.06403
         0.27809         3.06728
         0.27869         3.07058
         0.27929         3.07394
         0.27989         3.07735
         0.28049         3.08081
         0.28109         3.08432
         0.28169         3.08789
         0.28229         3.09150
         0.28289         3.09517
         0.28349         3.09888
         0.28409         3.10265
         0.28469         3.10648
         0.28529         3.11036
         0.28589         3.11430
         0.28649         3.11830
         0.28709         3.12236
         0.28769         3.12649
         0.28829         3.13068
         0.28889         3.13495
         0.28949         3.13929
         0.29009         3.14370
         0.29069         3.14820
         0.29129         3.15279
         0.29189         3.15747
         0.29249         3.16225
         0.29309         3.16713
         0.29369         3.17213
         0.29429         3.17724
         0.29489         3.18248
         0.29549         3.18785
         0.29609         3.19335
         0.29669         3.19901
         0.29729         3.20483
         0.29789         3.21082
         0.29849         3.21698
         0.29909         3.22333
         0.29969         3.22989
         0.30029         3.23665
         0.30089         3.24364
         0.30149         3.25087
         0.30209         3.25835
         0.30269         3.26609
         0.30329         3.27412
         0.30389         3.28244
         0.30449         3.29107
         0.30509         3.30003
         0.30569         3.30934
         0.30629         3.31902
         0.30689         3.32908
         0.30749         3.33955
         0.30809         3.35044
         0.30869         3.36179
         0.30929         3.37361
         0.30989         3.38593
         0.31049         3.39877
         0.31109         3.41217
         0.31169         3.42614
         0.31229         3.44073
         0.31289         3.45595
         0.31349         3.47186
         0.31409         3.48847
         0.31469         3.50582
         0.31529         3.52397
         0.31589         3.54293
         0.31649         3.56277
         0.31709         3.58352
         0.31769         3.60523
         0.31829         3.62796
         0.31889         3.65175
         0.31949         3.67667
         0.32009         3.70278
         0.32069         3.73013
         0.32129         3.75881
         0.32189         3.78888
         0.32249         3.82043
         0.32309         3.85353
         0.32369         3.88827
         0.32429         3.92476
         0.32489         3.96310
         0.32549         4.00338
         0.32609         4.04574
         0.32669         4.09030
         0.32729         4.13719
         0.32789         4.18655
         0.32849         4.23856
         0.32909         4.29336
         0.32969         4.35114
         0.33029         4.41210
         0.33089         4.47643
         0.33149         4.54437
         0.33209         4.61615
         0.33269         4.69202
         0.33329         4.77226
         0.33389         4.85715
         0.33449         4.94701
         0.33509         5.04217
         0.33569         5.14296
         0.33630         5.24976
         0.33690         5.36295
         0.33750         5.48292
         0.33810         5.61009
         0.33870         5.74486
         0.33930         5.88766
         0.33990         6.03889
         0.34050         6.19894
         0.34110         6.36817
         0.34170         6.54689
         0.34230         6.73533
         0.34290         6.93364
         0.34350         7.14182
         0.34410         7.35972
         0.34470         7.58700
         0.34530         7.82304
         0.34590         8.06696
         0.34650         8.31752
         0.34710         8.57312
         0.34770         8.83174
         0.34830         9.09095
         0.34890         9.34788
         0.34950         9.59930
         0.35010         9.84163
         0.35070        10.07110
         0.35130        10.28383
         0.35190        10.47605
         0.35250        10.64424
         0.35310        10.78535
         0.35370        10.89695
         0.35430        10.97737
         0.35490        11.02583
         0.35550        11.04241
         0.35610        11.02806
         0.35670        10.98452
         0.35730        10.91414
         0.35790        10.81978
         0.35850        10.70459
         0.35910        10.57187
         0.35970        10.42494
         0.36030        10.26695
         0.36090        10.10086
         0.36150         9.92936
         0.36210         9.75480
         0.36270         9.57921
         0.36330         9.40431
         0.36390         9.23149
         0.36450         9.06188
         0.36510         8.89637
         0.36570         8.73560
         0.36630         8.58005
         0.36690         8.43004
         0.36750         8.28577
         0.36810         8.14731
         0.36870         8.01469
         0.36930         7.88784
         0.36990         7.76666
         0.37050         7.65100
         0.37110         7.54070
         0.37170         7.43557
         0.37230         7.33541
         0.37290         7.24003
         0.37350         7.14920
         0.37410         7.06275
         0.37470         6.98045
         0.37530         6.90212
         0.37590         6.82757
         0.37650         6.75663
         0.37710         6.68911
         0.37770         6.62486
         0.37830         6.56372
         0.37890         6.50554
         0.37950         6.45019
         0.38010         6.39753
         0.38070         6.34745
         0.38130         6.29983
         0.38190         6.25455
         0.38250         6.21152
         0.38310         6.17064
         0.38370         6.13183
         0.38430         6.09500
         0.38490         6.06008
         0.38550         6.02699
         0.38610         5.99566
         0.38670         5.96603
         0.38730         5.93805
         0.38790         5.91166
         0.38850         5.88680
         0.38910         5.86344
         0.38970         5.84153
         0.39030         5.82102
         0.39090         5.80188
         0.39150         5.78408
         0.39210         5.76759
         0.39270         5.75236
         0.39330         5.73839
         0.39390         5.72563
         0.39450         5.71408
         0.39510         5.70370
         0.39570         5.69449
         0.39630         5.68642
         0.39690         5.67947
         0.39750         5.67364
         0.39810         5.66891
         0.39870         5.66526
         0.39930         5.66270
         0.39990         5.66121
         0.40050         5.66078
         0.40110         5.66141
         0.40170         5.66310
         0.40230         5.66583
         0.40290         5.66961
         0.40350         5.67443
         0.40410         5.68029
         0.40470         5.68720
         0.40530         5.69514
         0.40590         5.70413
         0.40650         5.71417
         0.40710         5.72525
         0.40770         5.73738
         0.40830         5.75056
         0.40890         5.76480
         0.40950         5.78011
         0.41010         5.79648
         0.41070         5.81392
         0.41130         5.83245
         0.41190         5.85206
         0.41250         5.87276
         0.41310         5.89456
         0.41370         5.91747
         0.41430         5.94149
         0.41490         5.96664
         0.41550         5.99292
         0.41610         6.02034
         0.41670         6.04891
         0.41730         6.07864
         0.41790         6.10954
         0.41850         6.14161
         0.41910         6.17488
         0.41970         6.20934
         0.42030         6.24501
         0.42090         6.28191
         0.42150         6.32003
         0.42210         6.35940
         0.42270         6.40001
         0.42330         6.44190
         0.42390         6.48506
         0.42450         6.52952
         0.42510         6.57528
         0.42570         6.62236
         0.42630         6.67077
         0.42690         6.72053
         0.42750         6.77166
         0.42810         6.82417
         0.42870         6.87808
         0.42930         6.93341
         0.42990         6.99018
         0.43050         7.04841
         0.43110         7.10812
         0.43170         7.16934
         0.43230         7.23210
         0.43290         7.29641
         0.43350         7.36232
         0.43410         7.42984
         0.43470         7.49901
         0.43530         7.56986
         0.43590         7.64242
         0.43650         7.71673
         0.43710         7.79281
         0.43770         7.87070
         0.43830         7.95043
         0.43890         8.03203
         0.43950         8.11552
         0.44010         8.20093
         0.44070         8.28827
         0.44130         8.37756
         0.44190         8.46880
         0.44250         8.56198
         0.44310         8.65708
         0.44370         8.75408
         0.44430         8.85294
         0.44490         8.95358
         0.44550         9.05594
         0.44610         9.15991
         0.44670         9.26537
         0.44730         9.37217
         0.44790         9.48014
         0.44850         9.58908
         0.44910         9.69875
         0.44970         9.80891
         0.45030         9.91926
         0.45090        10.02948
         0.45150        10.13925
         0.45210        10.24818
         0.45270        10.35591
         0.45330        10.46201
         0.45390        10.56607
         0.45450        10.66767
         0.45510        10.76638
         0.45570        10.86178
         0.45630        10.95346
         0.45690        11.04103
         0.45750        11.12411
         0.45810        11.20238
         0.45870        11.27554
         0.45930        11.34334
         0.45990        11.40556
         0.46050        11.46207
         0.46110        11.51274
         0.46170        11.55754
         0.46230        11.59647
         0.46290        11.62957
         0.46350        11.65695
         0.46410        11.67876
         0.46470        11.69517
         0.46530        11.70641
         0.46590        11.71271
         0.46650        11.71436
         0.46710        11.71162
         0.46770        11.70481
         0.46830        11.69421
         0.46890        11.68013
         0.46950        11.66288
         0.47010        11.64274
         0.47070        11.62001
         0.47130        11.59494
         0.47190        11.56782
         0.47250        11.53886
         0.47310        11.50831
         0.47370        11.47638
         0.47430        11.44325
         0.47490        11.40911
         0.47550        11.37411
         0.47610        11.33842
         0.47670        11.30215
         0.47731        11.26543
         0.47791        11.22836
         0.47851        11.19105
         0.47911        11.15357
         0.47971        11.11601
         0.48031        11.07843
         0.48091        11.04089
         0.48151        11.00345
         0.48211        10.96615
         0.48271        10.92903
         0.48331        10.89214
         0.48391        10.85551
         0.48451        10.81917
         0.48511        10.78314
         0.48571        10.74745
         0.48631        10.71212
         0.48691        10.67717
         0.48751        10.64262
         0.48811        10.60849
         0.48871        10.57478
         0.48931        10.54151
         0.48991        10.50870
         0.49051        10.47635
         0.49111        10.44446
         0.49171        10.41306
         0.49231        10.38214
         0.49291        10.35171
         0.49351        10.32178
         0.49411        10.29235
         0.49471        10.26342
         0.49531        10.23499
         0.49591        10.20708
         0.49651        10.17967
         0.49711        10.15278
         0.49771        10.12639
         0.49831        10.10052
         0.49891        10.07515
         0.49951        10.05030
         0.50011        10.02596
