        -1.00000        -0.00000
        -0.99940        -0.00000
        -0.99880        -0.00000
        -0.99820        -0.00000
        -0.99760        -0.00000
        -0.99700        -0.00000
        -0.99640        -0.00000
        -0.99580        -0.00000
        -0.99520        -0.00000
        -0.99460        -0.00000
        -0.99400        -0.00000
        -0.99340        -0.00000
        -0.99280        -0.00000
        -0.99220        -0.00000
        -0.99160        -0.00000
        -0.99100        -0.00000
        -0.99040        -0.00000
        -0.98980        -0.00000
        -0.98920        -0.00000
        -0.98860        -0.00000
        -0.98800        -0.00000
        -0.98740        -0.00000
        -0.98680        -0.00000
        -0.98620        -0.00000
        -0.98560        -0.00000
        -0.98500        -0.00000
        -0.98440        -0.00000
        -0.98380        -0.00000
        -0.98320        -0.00000
        -0.98260        -0.00000
        -0.98200        -0.00000
        -0.98140        -0.00000
        -0.98080        -0.00000
        -0.98020        -0.00000
        -0.97960        -0.00000
        -0.97900        -0.00000
        -0.97840        -0.00000
        -0.97780        -0.00000
        -0.97720        -0.00000
        -0.97660        -0.00000
        -0.97600        -0.00000
        -0.97540        -0.00000
        -0.97480        -0.00000
        -0.97420        -0.00000
        -0.97360        -0.00000
        -0.97300        -0.00000
        -0.97240        -0.00000
        -0.97180        -0.00000
        -0.97120        -0.00000
        -0.97060        -0.00000
        -0.97000        -0.00000
        -0.96940        -0.00000
        -0.96880        -0.00000
        -0.96820        -0.00000
        -0.96760        -0.00000
        -0.96700        -0.00000
        -0.96640        -0.00000
        -0.96580        -0.00000
        -0.96520        -0.00000
        -0.96460        -0.00000
        -0.96400        -0.00000
        -0.96340        -0.00000
        -0.96280        -0.00000
        -0.96220        -0.00000
        -0.96160        -0.00000
        -0.96100        -0.00000
        -0.96040        -0.00000
        -0.95980        -0.00000
        -0.95920        -0.00000
        -0.95860        -0.00000
        -0.95800        -0.00000
        -0.95740        -0.00000
        -0.95680        -0.00000
        -0.95620        -0.00000
        -0.95560        -0.00000
        -0.95500        -0.00000
        -0.95440        -0.00000
        -0.95380        -0.00000
        -0.95320        -0.00000
        -0.95260        -0.00000
        -0.95200        -0.00000
        -0.95140        -0.00000
        -0.95080        -0.00000
        -0.95020        -0.00000
        -0.94960        -0.00000
        -0.94900        -0.00000
        -0.94840        -0.00000
        -0.94780        -0.00000
        -0.94720        -0.00000
        -0.94660        -0.00000
        -0.94600        -0.00000
        -0.94540        -0.00000
        -0.94480        -0.00000
        -0.94420        -0.00000
        -0.94360        -0.00000
        -0.94300        -0.00000
        -0.94240        -0.00000
        -0.94180        -0.00000
        -0.94120        -0.00000
        -0.94060        -0.00000
        -0.94000        -0.00000
        -0.93940        -0.00000
        -0.93880        -0.00000
        -0.93820        -0.00000
        -0.93760        -0.00000
        -0.93700        -0.00000
        -0.93640        -0.00000
        -0.93580        -0.00000
        -0.93520        -0.00000
        -0.93460        -0.00000
        -0.93400        -0.00000
        -0.93340        -0.00000
        -0.93280        -0.00000
        -0.93220        -0.00000
        -0.93160        -0.00000
        -0.93100        -0.00000
        -0.93040        -0.00000
        -0.92980        -0.00000
        -0.92920        -0.00000
        -0.92860        -0.00000
        -0.92800        -0.00000
        -0.92740        -0.00000
        -0.92680        -0.00000
        -0.92620        -0.00000
        -0.92560        -0.00000
        -0.92500        -0.00000
        -0.92440        -0.00000
        -0.92380        -0.00000
        -0.92320        -0.00000
        -0.92260        -0.00000
        -0.92200        -0.00000
        -0.92140        -0.00000
        -0.92080        -0.00000
        -0.92020        -0.00000
        -0.91960        -0.00000
        -0.91900        -0.00000
        -0.91840        -0.00000
        -0.91780        -0.00000
        -0.91720        -0.00000
        -0.91660        -0.00000
        -0.91600        -0.00000
        -0.91540        -0.00000
        -0.91480        -0.00000
        -0.91420        -0.00000
        -0.91360        -0.00000
        -0.91300        -0.00000
        -0.91240        -0.00000
        -0.91180        -0.00000
        -0.91120        -0.00000
        -0.91060        -0.00000
        -0.91000        -0.00000
        -0.90940        -0.00000
        -0.90880        -0.00000
        -0.90820        -0.00000
        -0.90760        -0.00000
        -0.90700        -0.00000
        -0.90640        -0.00000
        -0.90580        -0.00000
        -0.90520        -0.00000
        -0.90460        -0.00000
        -0.90400        -0.00000
        -0.90340        -0.00000
        -0.90280        -0.00000
        -0.90220        -0.00000
        -0.90160        -0.00000
        -0.90100        -0.00000
        -0.90040        -0.00000
        -0.89980        -0.00000
        -0.89920        -0.00000
        -0.89860        -0.00000
        -0.89800        -0.00000
        -0.89740        -0.00000
        -0.89680        -0.00000
        -0.89620        -0.00000
        -0.89560        -0.00000
        -0.89499        -0.00000
        -0.89439        -0.00000
        -0.89379        -0.00000
        -0.89319        -0.00000
        -0.89259        -0.00000
        -0.89199        -0.00000
        -0.89139        -0.00000
        -0.89079        -0.00000
        -0.89019        -0.00000
        -0.88959        -0.00000
        -0.88899        -0.00000
        -0.88839        -0.00000
        -0.88779        -0.00000
        -0.88719        -0.00000
        -0.88659        -0.00000
        -0.88599        -0.00000
        -0.88539        -0.00000
        -0.88479        -0.00000
        -0.88419        -0.00000
        -0.88359        -0.00000
        -0.88299        -0.00000
        -0.88239        -0.00000
        -0.88179        -0.00000
        -0.88119        -0.00000
        -0.88059        -0.00000
        -0.87999        -0.00000
        -0.87939        -0.00000
        -0.87879        -0.00000
        -0.87819        -0.00000
        -0.87759        -0.00000
        -0.87699        -0.00000
        -0.87639        -0.00000
        -0.87579        -0.00000
        -0.87519        -0.00000
        -0.87459        -0.00000
        -0.87399        -0.00000
        -0.87339        -0.00000
        -0.87279        -0.00000
        -0.87219        -0.00000
        -0.87159        -0.00000
        -0.87099        -0.00000
        -0.87039        -0.00000
        -0.86979        -0.00000
        -0.86919        -0.00000
        -0.86859        -0.00000
        -0.86799        -0.00000
        -0.86739        -0.00000
        -0.86679        -0.00000
        -0.86619        -0.00000
        -0.86559        -0.00000
        -0.86499        -0.00000
        -0.86439        -0.00000
        -0.86379        -0.00000
        -0.86319        -0.00000
        -0.86259        -0.00000
        -0.86199        -0.00000
        -0.86139        -0.00000
        -0.86079        -0.00000
        -0.86019        -0.00000
        -0.85959        -0.00000
        -0.85899        -0.00000
        -0.85839        -0.00000
        -0.85779        -0.00000
        -0.85719        -0.00000
        -0.85659        -0.00000
        -0.85599        -0.00000
        -0.85539        -0.00000
        -0.85479        -0.00000
        -0.85419        -0.00000
        -0.85359        -0.00000
        -0.85299        -0.00000
        -0.85239        -0.00000
        -0.85179        -0.00000
        -0.85119        -0.00000
        -0.85059        -0.00000
        -0.84999        -0.00000
        -0.84939        -0.00000
        -0.84879        -0.00000
        -0.84819        -0.00000
        -0.84759        -0.00000
        -0.84699        -0.00000
        -0.84639        -0.00000
        -0.84579        -0.00000
        -0.84519        -0.00000
        -0.84459        -0.00000
        -0.84399        -0.00000
        -0.84339        -0.00000
        -0.84279        -0.00000
        -0.84219        -0.00000
        -0.84159        -0.00000
        -0.84099        -0.00000
        -0.84039        -0.00000
        -0.83979        -0.00000
        -0.83919        -0.00000
        -0.83859        -0.00000
        -0.83799        -0.00000
        -0.83739        -0.00000
        -0.83679        -0.00000
        -0.83619        -0.00000
        -0.83559        -0.00000
        -0.83499        -0.00000
        -0.83439        -0.00000
        -0.83379        -0.00000
        -0.83319        -0.00000
        -0.83259        -0.00000
        -0.83199        -0.00000
        -0.83139        -0.00000
        -0.83079        -0.00000
        -0.83019        -0.00000
        -0.82959        -0.00000
        -0.82899        -0.00000
        -0.82839        -0.00000
        -0.82779        -0.00000
        -0.82719        -0.00000
        -0.82659        -0.00000
        -0.82599        -0.00000
        -0.82539        -0.00000
        -0.82479        -0.00000
        -0.82419        -0.00000
        -0.82359        -0.00000
        -0.82299        -0.00000
        -0.82239        -0.00000
        -0.82179         0.00000
        -0.82119         0.00000
        -0.82059         0.00001
        -0.81999         0.00001
        -0.81939         0.00001
        -0.81879         0.00001
        -0.81819         0.00002
        -0.81759         0.00002
        -0.81699         0.00002
        -0.81639         0.00003
        -0.81579         0.00003
        -0.81519         0.00003
        -0.81459         0.00004
        -0.81399         0.00004
        -0.81339         0.00005
        -0.81279         0.00006
        -0.81219         0.00006
        -0.81159         0.00007
        -0.81099         0.00008
        -0.81039         0.00009
        -0.80979         0.00011
        -0.80919         0.00012
        -0.80859         0.00014
        -0.80799         0.00016
        -0.80739         0.00018
        -0.80679         0.00020
        -0.80619         0.00023
        -0.80559         0.00026
        -0.80499         0.00029
        -0.80439         0.00033
        -0.80379         0.00038
        -0.80319         0.00043
        -0.80259         0.00050
        -0.80199         0.00057
        -0.80139         0.00065
        -0.80079         0.00074
        -0.80019         0.00085
        -0.79959         0.00098
        -0.79899         0.00113
        -0.79839         0.00130
        -0.79779         0.00151
        -0.79719         0.00175
        -0.79659         0.00203
        -0.79599         0.00236
        -0.79539         0.00276
        -0.79479         0.00324
        -0.79419         0.00381
        -0.79359         0.00449
        -0.79299         0.00532
        -0.79239         0.00633
        -0.79179         0.00756
        -0.79119         0.00907
        -0.79059         0.01094
        -0.78999         0.01327
        -0.78939         0.01618
        -0.78879         0.01985
        -0.78819         0.02451
        -0.78759         0.03044
        -0.78699         0.03806
        -0.78639         0.04786
        -0.78579         0.06048
        -0.78519         0.07666
        -0.78459         0.09715
        -0.78399         0.13037
        -0.78339         0.15551
        -0.78279         0.18764
        -0.78219         0.22218
        -0.78159         0.24984
        -0.78099         0.26848
        -0.78039         0.27523
        -0.77979         0.27366
        -0.77919         0.26280
        -0.77859         0.24806
        -0.77799         0.23216
        -0.77739         0.21661
        -0.77679         0.20245
        -0.77619         0.19006
        -0.77559         0.17946
        -0.77499         0.17040
        -0.77439         0.16292
        -0.77379         0.15681
        -0.77319         0.15190
        -0.77259         0.14805
        -0.77199         0.14514
        -0.77139         0.14307
        -0.77079         0.14176
        -0.77019         0.14113
        -0.76959         0.14114
        -0.76899         0.14174
        -0.76839         0.14291
        -0.76779         0.14461
        -0.76719         0.14683
        -0.76659         0.14955
        -0.76599         0.15277
        -0.76539         0.15648
        -0.76479         0.16069
        -0.76419         0.16539
        -0.76359         0.17059
        -0.76299         0.17629
        -0.76239         0.18248
        -0.76179         0.18918
        -0.76119         0.19637
        -0.76059         0.20406
        -0.75999         0.21225
        -0.75939         0.22090
        -0.75879         0.23001
        -0.75819         0.23954
        -0.75759         0.24946
        -0.75699         0.25972
        -0.75639         0.27025
        -0.75579         0.28098
        -0.75519         0.29184
        -0.75459         0.30272
        -0.75399         0.31351
        -0.75339         0.32411
        -0.75279         0.33440
        -0.75219         0.34424
        -0.75159         0.35353
        -0.75099         0.36215
        -0.75039         0.37000
        -0.74979         0.37700
        -0.74919         0.38307
        -0.74859         0.38818
        -0.74799         0.39230
        -0.74739         0.39544
        -0.74679         0.39762
        -0.74619         0.39889
        -0.74559         0.39930
        -0.74499         0.39894
        -0.74439         0.39790
        -0.74379         0.39627
        -0.74319         0.39416
        -0.74259         0.39166
        -0.74199         0.38889
        -0.74139         0.38594
        -0.74079         0.38293
        -0.74019         0.37996
        -0.73959         0.37715
        -0.73899         0.37461
        -0.73839         0.37249
        -0.73779         0.37094
        -0.73719         0.37016
        -0.73659         0.37041
        -0.73599         0.37203
        -0.73539         0.37547
        -0.73479         0.38136
        -0.73419         0.39053
        -0.73359         0.40407
        -0.73299         0.42322
        -0.73239         0.44907
        -0.73179         0.48443
        -0.73119         0.52160
        -0.73059         0.55664
        -0.72999         0.58275
        -0.72939         0.59379
        -0.72879         0.58979
        -0.72819         0.57562
        -0.72759         0.55702
        -0.72699         0.53810
        -0.72639         0.52102
        -0.72579         0.50662
        -0.72519         0.49490
        -0.72459         0.48597
        -0.72399         0.47979
        -0.72339         0.47484
        -0.72279         0.47176
        -0.72219         0.47024
        -0.72159         0.47009
        -0.72099         0.47115
        -0.72039         0.47331
        -0.71979         0.47649
        -0.71919         0.48064
        -0.71859         0.48569
        -0.71799         0.49163
        -0.71739         0.49843
        -0.71679         0.50608
        -0.71619         0.51457
        -0.71559         0.52391
        -0.71499         0.53409
        -0.71439         0.54513
        -0.71379         0.55703
        -0.71319         0.56980
        -0.71259         0.58344
        -0.71199         0.59794
        -0.71139         0.61329
        -0.71079         0.62947
        -0.71019         0.64643
        -0.70959         0.66412
        -0.70899         0.68244
        -0.70839         0.70129
        -0.70779         0.72053
        -0.70719         0.74000
        -0.70659         0.75949
        -0.70599         0.77878
        -0.70539         0.79765
        -0.70479         0.81585
        -0.70419         0.83313
        -0.70359         0.84927
        -0.70299         0.86409
        -0.70239         0.87743
        -0.70179         0.88918
        -0.70119         0.89930
        -0.70059         0.90780
        -0.69999         0.91473
        -0.69939         0.92018
        -0.69879         0.92429
        -0.69819         0.92719
        -0.69759         0.92905
        -0.69699         0.93003
        -0.69639         0.93026
        -0.69579         0.92991
        -0.69519         0.92908
        -0.69459         0.92789
        -0.69399         0.92643
        -0.69339         0.92478
        -0.69279         0.92301
        -0.69219         0.92116
        -0.69159         0.91929
        -0.69099         0.91741
        -0.69039         0.91557
        -0.68979         0.91378
        -0.68919         0.91205
        -0.68859         0.91041
        -0.68799         0.90887
        -0.68739         0.90744
        -0.68679         0.90612
        -0.68618         0.90493
        -0.68558         0.90388
        -0.68498         0.90299
        -0.68438         0.90225
        -0.68378         0.90168
        -0.68318         0.90130
        -0.68258         0.90112
        -0.68198         0.90114
        -0.68138         0.90138
        -0.68078         0.90185
        -0.68018         0.90257
        -0.67958         0.90354
        -0.67898         0.90478
        -0.67838         0.90630
        -0.67778         0.90811
        -0.67718         0.91023
        -0.67658         0.91265
        -0.67598         0.91539
        -0.67538         0.91846
        -0.67478         0.92186
        -0.67418         0.92560
        -0.67358         0.92969
        -0.67298         0.93411
        -0.67238         0.93889
        -0.67178         0.94401
        -0.67118         0.94947
        -0.67058         0.95526
        -0.66998         0.96138
        -0.66938         0.96782
        -0.66878         0.97457
        -0.66818         0.98160
        -0.66758         0.98891
        -0.66698         0.99647
        -0.66638         1.00425
        -0.66578         1.01224
        -0.66518         1.02039
        -0.66458         1.02869
        -0.66398         1.03709
        -0.66338         1.04557
        -0.66278         1.05408
        -0.66218         1.06260
        -0.66158         1.07107
        -0.66098         1.07946
        -0.66038         1.08774
        -0.65978         1.09586
        -0.65918         1.10381
        -0.65858         1.11154
        -0.65798         1.11902
        -0.65738         1.12624
        -0.65678         1.13318
        -0.65618         1.13981
        -0.65558         1.14613
        -0.65498         1.15213
        -0.65438         1.15782
        -0.65378         1.16320
        -0.65318         1.16827
        -0.65258         1.17306
        -0.65198         1.17758
        -0.65138         1.18184
        -0.65078         1.18589
        -0.65018         1.18974
        -0.64958         1.19342
        -0.64898         1.19697
        -0.64838         1.20041
        -0.64778         1.20378
        -0.64718         1.20710
        -0.64658         1.21041
        -0.64598         1.21374
        -0.64538         1.21712
        -0.64478         1.22057
        -0.64418         1.22412
        -0.64358         1.22780
        -0.64298         1.23162
        -0.64238         1.23561
        -0.64178         1.23978
        -0.64118         1.24415
        -0.64058         1.24873
        -0.63998         1.25355
        -0.63938         1.25860
        -0.63878         1.26389
        -0.63818         1.26944
        -0.63758         1.27525
        -0.63698         1.28133
        -0.63638         1.28767
        -0.63578         1.29427
        -0.63518         1.30115
        -0.63458         1.30829
        -0.63398         1.31570
        -0.63338         1.32337
        -0.63278         1.33130
        -0.63218         1.33948
        -0.63158         1.34791
        -0.63098         1.35659
        -0.63038         1.36551
        -0.62978         1.37465
        -0.62918         1.38402
        -0.62858         1.39360
        -0.62798         1.40339
        -0.62738         1.41338
        -0.62678         1.42356
        -0.62618         1.43392
        -0.62558         1.44445
        -0.62498         1.45515
        -0.62438         1.46601
        -0.62378         1.47701
        -0.62318         1.48816
        -0.62258         1.49944
        -0.62198         1.51084
        -0.62138         1.52236
        -0.62078         1.53399
        -0.62018         1.54573
        -0.61958         1.55756
        -0.61898         1.56949
        -0.61838         1.58151
        -0.61778         1.59362
        -0.61718         1.60581
        -0.61658         1.61808
        -0.61598         1.63043
        -0.61538         1.64286
        -0.61478         1.65536
        -0.61418         1.66795
        -0.61358         1.68062
        -0.61298         1.69338
        -0.61238         1.70622
        -0.61178         1.71916
        -0.61118         1.73219
        -0.61058         1.74533
        -0.60998         1.75857
        -0.60938         1.77193
        -0.60878         1.78542
        -0.60818         1.79903
        -0.60758         1.81279
        -0.60698         1.82670
        -0.60638         1.84078
        -0.60578         1.85503
        -0.60518         1.86946
        -0.60458         1.88409
        -0.60398         1.89894
        -0.60338         1.91402
        -0.60278         1.92934
        -0.60218         1.94492
        -0.60158         1.96078
        -0.60098         1.97694
        -0.60038         1.99342
        -0.59978         2.01024
        -0.59918         2.02742
        -0.59858         2.04500
        -0.59798         2.06301
        -0.59738         2.08146
        -0.59678         2.10040
        -0.59618         2.11986
        -0.59558         2.13988
        -0.59498         2.16050
        -0.59438         2.18177
        -0.59378         2.20374
        -0.59318         2.22646
        -0.59258         2.24999
        -0.59198         2.27439
        -0.59138         2.29971
        -0.59078         2.32605
        -0.59018         2.35346
        -0.58958         2.38203
        -0.58898         2.41184
        -0.58838         2.44299
        -0.58778         2.47556
        -0.58718         2.50966
        -0.58658         2.54540
        -0.58598         2.58288
        -0.58538         2.62222
        -0.58478         2.66354
        -0.58418         2.70698
        -0.58358         2.75265
        -0.58298         2.80071
        -0.58238         2.85129
        -0.58178         2.90454
        -0.58118         2.96062
        -0.58058         3.01969
        -0.57998         3.08190
        -0.57938         3.14742
        -0.57878         3.21642
        -0.57818         3.28907
        -0.57758         3.36555
        -0.57698         3.44604
        -0.57638         3.53070
        -0.57578         3.61972
        -0.57518         3.71327
        -0.57458         3.81154
        -0.57398         3.91468
        -0.57338         4.02287
        -0.57278         4.13626
        -0.57218         4.25502
        -0.57158         4.37929
        -0.57098         4.50922
        -0.57038         4.64493
        -0.56978         4.78653
        -0.56918         4.93415
        -0.56858         5.08787
        -0.56798         5.24777
        -0.56738         5.41393
        -0.56678         5.58640
        -0.56618         5.76522
        -0.56558         5.95042
        -0.56498         6.14202
        -0.56438         6.34000
        -0.56378         6.54438
        -0.56318         6.75511
        -0.56258         6.97218
        -0.56198         7.19552
        -0.56138         7.42507
        -0.56078         7.66077
        -0.56018         7.90250
        -0.55958         8.15015
        -0.55898         8.40356
        -0.55838         8.66256
        -0.55778         8.92692
        -0.55718         9.19634
        -0.55658         9.47049
        -0.55598         9.74894
        -0.55538        10.03117
        -0.55478        10.31657
        -0.55418        10.60442
        -0.55358        10.89386
        -0.55298        11.18392
        -0.55238        11.47351
        -0.55178        11.76141
        -0.55118        12.04630
        -0.55058        12.32677
        -0.54998        12.60137
        -0.54938        12.86861
        -0.54878        13.12705
        -0.54818        13.37528
        -0.54758        13.61202
        -0.54698        13.83613
        -0.54638        14.04664
        -0.54578        14.24278
        -0.54518        14.42402
        -0.54458        14.59001
        -0.54398        14.74062
        -0.54338        14.87592
        -0.54278        14.99611
        -0.54218        15.10154
        -0.54158        15.19264
        -0.54098        15.26992
        -0.54038        15.33391
        -0.53978        15.38518
        -0.53918        15.42427
        -0.53858        15.45172
        -0.53798        15.46806
        -0.53738        15.47378
        -0.53678        15.46939
        -0.53618        15.45534
        -0.53558        15.43213
        -0.53498        15.40023
        -0.53438        15.36013
        -0.53378        15.31232
        -0.53318        15.25731
        -0.53258        15.19563
        -0.53198        15.12781
        -0.53138        15.05437
        -0.53078        14.97587
        -0.53018        14.89280
        -0.52958        14.80570
        -0.52898        14.71505
        -0.52838        14.62131
        -0.52778        14.52492
        -0.52718        14.42630
        -0.52658        14.32580
        -0.52598        14.22377
        -0.52538        14.12051
        -0.52478        14.01629
        -0.52418        13.91136
        -0.52358        13.80591
        -0.52298        13.70015
        -0.52238        13.59424
        -0.52178        13.48832
        -0.52118        13.38253
        -0.52058        13.27700
        -0.51998        13.17182
        -0.51938        13.06710
        -0.51878        12.96294
        -0.51818        12.85944
        -0.51758        12.75668
        -0.51698        12.65476
        -0.51638        12.55377
        -0.51578        12.45380
        -0.51518        12.35495
        -0.51458        12.25731
        -0.51398        12.16099
        -0.51338        12.06607
        -0.51278        11.97266
        -0.51218        11.88086
        -0.51158        11.79079
        -0.51098        11.70253
        -0.51038        11.61619
        -0.50978        11.53189
        -0.50918        11.44973
        -0.50858        11.36980
        -0.50798        11.29222
        -0.50738        11.21709
        -0.50678        11.14451
        -0.50618        11.07458
        -0.50558        11.00741
        -0.50498        10.94308
        -0.50438        10.88170
        -0.50378        10.82336
        -0.50318        10.76815
        -0.50258        10.71617
        -0.50198        10.66750
        -0.50138        10.62223
        -0.50078        10.58044
        -0.50018        10.54223
        -0.49958        10.50767
        -0.49898        10.47684
        -0.49838        10.44982
        -0.49778        10.42670
        -0.49718        10.40754
        -0.49658        10.39242
        -0.49598        10.38142
        -0.49538        10.37461
        -0.49478        10.37206
        -0.49418        10.37383
        -0.49358        10.38001
        -0.49298        10.39065
        -0.49238        10.40581
        -0.49178        10.42557
        -0.49118        10.44998
        -0.49058        10.47909
        -0.48998        10.51296
        -0.48938        10.55165
        -0.48878        10.59519
        -0.48818        10.64362
        -0.48758        10.69699
        -0.48698        10.75532
        -0.48638        10.81863
        -0.48578        10.88694
        -0.48518        10.96024
        -0.48458        11.03855
        -0.48398        11.12182
        -0.48338        11.21005
        -0.48278        11.30318
        -0.48218        11.40116
        -0.48158        11.50390
        -0.48098        11.61132
        -0.48038        11.72331
        -0.47978        11.83974
        -0.47918        11.96045
        -0.47858        12.08526
        -0.47798        12.21397
        -0.47738        12.34638
        -0.47677        12.48221
        -0.47617        12.62121
        -0.47557        12.76307
        -0.47497        12.90748
        -0.47437        13.05408
        -0.47377        13.20250
        -0.47317        13.35235
        -0.47257        13.50323
        -0.47197        13.65470
        -0.47137        13.80633
        -0.47077        13.95765
        -0.47017        14.10820
        -0.46957        14.25754
        -0.46897        14.40518
        -0.46837        14.55067
        -0.46777        14.69357
        -0.46717        14.83344
        -0.46657        14.96987
        -0.46597        15.10247
        -0.46537        15.23088
        -0.46477        15.35477
        -0.46417        15.47386
        -0.46357        15.58788
        -0.46297        15.69664
        -0.46237        15.79996
        -0.46177        15.89771
        -0.46117        15.98983
        -0.46057        16.07628
        -0.45997        16.15707
        -0.45937        16.23226
        -0.45877        16.30194
        -0.45817        16.36624
        -0.45757        16.42534
        -0.45697        16.47943
        -0.45637        16.52875
        -0.45577        16.57355
        -0.45517        16.61410
        -0.45457        16.65069
        -0.45397        16.68365
        -0.45337        16.71327
        -0.45277        16.73989
        -0.45217        16.76383
        -0.45157        16.78543
        -0.45097        16.80499
        -0.45037        16.82285
        -0.44977        16.83931
        -0.44917        16.85468
        -0.44857        16.86926
        -0.44797        16.88332
        -0.44737        16.89712
        -0.44677        16.91093
        -0.44617        16.92498
        -0.44557        16.93948
        -0.44497        16.95466
        -0.44437        16.97069
        -0.44377        16.98774
        -0.44317        17.00599
        -0.44257        17.02555
        -0.44197        17.04657
        -0.44137        17.06915
        -0.44077        17.09338
        -0.44017        17.11934
        -0.43957        17.14709
        -0.43897        17.17668
        -0.43837        17.20815
        -0.43777        17.24152
        -0.43717        17.27680
        -0.43657        17.31398
        -0.43597        17.35305
        -0.43537        17.39397
        -0.43477        17.43671
        -0.43417        17.48122
        -0.43357        17.52744
        -0.43297        17.57529
        -0.43237        17.62470
        -0.43177        17.67557
        -0.43117        17.72780
        -0.43057        17.78128
        -0.42997        17.83590
        -0.42937        17.89153
        -0.42877        17.94803
        -0.42817        18.00528
        -0.42757        18.06311
        -0.42697        18.12137
        -0.42637        18.17991
        -0.42577        18.23855
        -0.42517        18.29713
        -0.42457        18.35546
        -0.42397        18.41337
        -0.42337        18.47066
        -0.42277        18.52714
        -0.42217        18.58263
        -0.42157        18.63692
        -0.42097        18.68981
        -0.42037        18.74110
        -0.41977        18.79058
        -0.41917        18.83807
        -0.41857        18.88334
        -0.41797        18.92619
        -0.41737        18.96644
        -0.41677        19.00387
        -0.41617        19.03829
        -0.41557        19.06951
        -0.41497        19.09735
        -0.41437        19.12163
        -0.41377        19.14218
        -0.41317        19.15883
        -0.41257        19.17144
        -0.41197        19.17987
        -0.41137        19.18399
        -0.41077        19.18368
        -0.41017        19.17887
        -0.40957        19.16945
        -0.40897        19.15538
        -0.40837        19.13660
        -0.40777        19.11310
        -0.40717        19.08487
        -0.40657        19.05192
        -0.40597        19.01430
        -0.40537        18.97207
        -0.40477        18.92530
        -0.40417        18.87410
        -0.40357        18.81859
        -0.40297        18.75890
        -0.40237        18.69521
        -0.40177        18.62770
        -0.40117        18.55654
        -0.40057        18.48196
        -0.39997        18.40418
        -0.39937        18.32343
        -0.39877        18.23995
        -0.39817        18.15400
        -0.39757        18.06582
        -0.39697        17.97567
        -0.39637        17.88382
        -0.39577        17.79052
        -0.39517        17.69601
        -0.39457        17.60055
        -0.39397        17.50438
        -0.39337        17.40773
        -0.39277        17.31081
        -0.39217        17.21383
        -0.39157        17.11699
        -0.39097        17.02046
        -0.39037        16.92440
        -0.38977        16.82897
        -0.38917        16.73430
        -0.38857        16.64049
        -0.38797        16.54764
        -0.38737        16.45584
        -0.38677        16.36515
        -0.38617        16.27562
        -0.38557        16.18729
        -0.38497        16.10016
        -0.38437        16.01427
        -0.38377        15.92959
        -0.38317        15.84613
        -0.38257        15.76386
        -0.38197        15.68275
        -0.38137        15.60277
        -0.38077        15.52390
        -0.38017        15.44608
        -0.37957        15.36929
        -0.37897        15.29347
        -0.37837        15.21861
        -0.37777        15.14466
        -0.37717        15.07159
        -0.37657        14.99939
        -0.37597        14.92802
        -0.37537        14.85748
        -0.37477        14.78776
        -0.37417        14.71885
        -0.37357        14.65077
        -0.37297        14.58353
        -0.37237        14.51714
        -0.37177        14.45163
        -0.37117        14.38703
        -0.37057        14.32338
        -0.36997        14.26071
        -0.36937        14.19908
        -0.36877        14.13853
        -0.36817        14.07911
        -0.36757        14.02089
        -0.36697        13.96391
        -0.36637        13.90823
        -0.36577        13.85391
        -0.36517        13.80102
        -0.36457        13.74962
        -0.36397        13.69975
        -0.36337        13.65149
        -0.36277        13.60489
        -0.36217        13.56000
        -0.36157        13.51688
        -0.36097        13.47558
        -0.36037        13.43615
        -0.35977        13.39865
        -0.35917        13.36311
        -0.35857        13.32958
        -0.35797        13.29811
        -0.35737        13.26874
        -0.35677        13.24150
        -0.35617        13.21644
        -0.35557        13.19359
        -0.35497        13.17298
        -0.35437        13.15466
        -0.35377        13.13867
        -0.35317        13.12502
        -0.35257        13.11377
        -0.35197        13.10495
        -0.35137        13.09860
        -0.35077        13.09475
        -0.35017        13.09346
        -0.34957        13.09476
        -0.34897        13.09871
        -0.34837        13.10535
        -0.34777        13.11474
        -0.34717        13.12694
        -0.34657        13.14202
        -0.34597        13.16004
        -0.34537        13.18108
        -0.34477        13.20522
        -0.34417        13.23255
        -0.34357        13.26315
        -0.34297        13.29713
        -0.34237        13.33459
        -0.34177        13.37565
        -0.34117        13.42042
        -0.34057        13.46904
        -0.33997        13.52163
        -0.33937        13.57836
        -0.33877        13.63936
        -0.33817        13.70479
        -0.33757        13.77484
        -0.33697        13.84966
        -0.33637        13.92946
        -0.33577        14.01443
        -0.33517        14.10477
        -0.33457        14.20070
        -0.33397        14.30246
        -0.33337        14.41027
        -0.33277        14.52438
        -0.33217        14.64506
        -0.33157        14.77259
        -0.33097        14.90724
        -0.33037        15.04932
        -0.32977        15.19915
        -0.32917        15.35706
        -0.32857        15.52340
        -0.32797        15.69854
        -0.32737        15.88286
        -0.32677        16.07677
        -0.32617        16.28070
        -0.32557        16.49510
        -0.32497        16.72046
        -0.32437        16.95727
        -0.32377        17.20608
        -0.32317        17.46744
        -0.32257        17.74195
        -0.32197        18.03025
        -0.32137        18.33302
        -0.32077        18.65095
        -0.32017        18.98481
        -0.31957        19.33539
        -0.31897        19.70354
        -0.31837        20.09014
        -0.31777        20.49615
        -0.31717        20.92256
        -0.31657        21.37042
        -0.31597        21.84084
        -0.31537        22.33497
        -0.31477        22.85402
        -0.31417        23.39925
        -0.31357        23.97194
        -0.31297        24.57344
        -0.31237        25.20508
        -0.31177        25.86821
        -0.31117        26.56416
        -0.31057        27.29420
        -0.30997        28.05951
        -0.30937        28.86113
        -0.30877        29.69991
        -0.30817        30.57639
        -0.30757        31.49078
        -0.30697        32.44278
        -0.30637        33.43151
        -0.30577        34.45533
        -0.30517        35.51171
        -0.30457        36.59705
        -0.30397        37.70651
        -0.30337        38.83382
        -0.30277        39.97123
        -0.30217        41.10932
        -0.30157        42.23702
        -0.30097        43.34171
        -0.30037        44.40935
        -0.29977        45.42483
        -0.29917        46.37245
        -0.29857        47.23650
        -0.29797        48.00196
        -0.29737        48.65526
        -0.29677        49.18510
        -0.29617        49.58304
        -0.29557        49.84410
        -0.29497        49.96704
        -0.29437        49.95441
        -0.29377        49.81236
        -0.29317        49.55020
        -0.29257        49.17976
        -0.29197        48.71467
        -0.29137        48.16960
        -0.29077        47.55948
        -0.29017        46.89892
        -0.28957        46.20164
        -0.28897        45.48014
        -0.28837        44.74542
        -0.28777        44.00693
        -0.28717        43.27252
        -0.28657        42.54852
        -0.28597        41.83986
        -0.28537        41.15023
        -0.28477        40.48225
        -0.28417        39.83762
        -0.28357        39.21728
        -0.28297        38.62159
        -0.28237        38.05040
        -0.28177        37.50321
        -0.28117        36.97924
        -0.28057        36.47751
        -0.27997        35.99693
        -0.27937        35.53630
        -0.27877        35.09440
        -0.27817        34.67001
        -0.27757        34.26191
        -0.27697        33.86892
        -0.27637        33.48994
        -0.27577        33.12390
        -0.27517        32.76981
        -0.27457        32.42675
        -0.27397        32.09389
        -0.27337        31.77045
        -0.27277        31.45576
        -0.27217        31.14918
        -0.27157        30.85018
        -0.27097        30.55827
        -0.27037        30.27303
        -0.26977        29.99411
        -0.26917        29.72120
        -0.26857        29.45405
        -0.26796        29.19246
        -0.26736        28.93626
        -0.26676        28.68533
        -0.26616        28.43957
        -0.26556        28.19891
        -0.26496        27.96332
        -0.26436        27.73279
        -0.26376        27.50730
        -0.26316        27.28689
        -0.26256        27.07157
        -0.26196        26.86138
        -0.26136        26.65637
        -0.26076        26.45658
        -0.26016        26.26207
        -0.25956        26.07290
        -0.25896        25.88910
        -0.25836        25.71074
        -0.25776        25.53787
        -0.25716        25.37052
        -0.25656        25.20874
        -0.25596        25.05258
        -0.25536        24.90206
        -0.25476        24.75720
        -0.25416        24.61804
        -0.25356        24.48459
        -0.25296        24.35685
        -0.25236        24.23485
        -0.25176        24.11857
        -0.25116        24.00801
        -0.25056        23.90316
        -0.24996        23.80401
        -0.24936        23.71054
        -0.24876        23.62273
        -0.24816        23.54054
        -0.24756        23.46394
        -0.24696        23.39290
        -0.24636        23.32738
        -0.24576        23.26732
        -0.24516        23.21269
        -0.24456        23.16342
        -0.24396        23.11947
        -0.24336        23.08076
        -0.24276        23.04725
        -0.24216        23.01885
        -0.24156        22.99550
        -0.24096        22.97711
        -0.24036        22.96361
        -0.23976        22.95491
        -0.23916        22.95092
        -0.23856        22.95155
        -0.23796        22.95668
        -0.23736        22.96622
        -0.23676        22.98004
        -0.23616        22.99804
        -0.23556        23.02007
        -0.23496        23.04601
        -0.23436        23.07571
        -0.23376        23.10902
        -0.23316        23.14578
        -0.23256        23.18582
        -0.23196        23.22896
        -0.23136        23.27500
        -0.23076        23.32375
        -0.23016        23.37500
        -0.22956        23.42852
        -0.22896        23.48407
        -0.22836        23.54141
        -0.22776        23.60027
        -0.22716        23.66039
        -0.22656        23.72148
        -0.22596        23.78324
        -0.22536        23.84536
        -0.22476        23.90752
        -0.22416        23.96938
        -0.22356        24.03061
        -0.22296        24.09086
        -0.22236        24.14975
        -0.22176        24.20693
        -0.22116        24.26201
        -0.22056        24.31462
        -0.21996        24.36439
        -0.21936        24.41092
        -0.21876        24.45385
        -0.21816        24.49280
        -0.21756        24.52740
        -0.21696        24.55729
        -0.21636        24.58215
        -0.21576        24.60163
        -0.21516        24.61543
        -0.21456        24.62327
        -0.21396        24.62489
        -0.21336        24.62004
        -0.21276        24.60854
        -0.21216        24.59020
        -0.21156        24.56489
        -0.21096        24.53251
        -0.21036        24.49300
        -0.20976        24.44633
        -0.20916        24.39251
        -0.20856        24.33160
        -0.20796        24.26368
        -0.20736        24.18889
        -0.20676        24.10738
        -0.20616        24.01935
        -0.20556        23.92502
        -0.20496        23.82464
        -0.20436        23.71849
        -0.20376        23.60687
        -0.20316        23.49008
        -0.20256        23.36845
        -0.20196        23.24231
        -0.20136        23.11199
        -0.20076        22.97782
        -0.20016        22.84013
        -0.19956        22.69922
        -0.19896        22.55540
        -0.19836        22.40895
        -0.19776        22.26013
        -0.19716        22.10916
        -0.19656        21.95625
        -0.19596        21.80159
        -0.19536        21.64530
        -0.19476        21.48751
        -0.19416        21.32829
        -0.19356        21.16769
        -0.19296        21.00572
        -0.19236        20.84237
        -0.19176        20.67759
        -0.19116        20.51130
        -0.19056        20.34342
        -0.18996        20.17383
        -0.18936        20.00239
        -0.18876        19.82896
        -0.18816        19.65340
        -0.18756        19.47554
        -0.18696        19.29524
        -0.18636        19.11236
        -0.18576        18.92676
        -0.18516        18.73832
        -0.18456        18.54695
        -0.18396        18.35257
        -0.18336        18.15515
        -0.18276        17.95466
        -0.18216        17.75113
        -0.18156        17.54459
        -0.18096        17.33515
        -0.18036        17.12290
        -0.17976        16.90801
        -0.17916        16.69065
        -0.17856        16.47104
        -0.17796        16.24941
        -0.17736        16.02603
        -0.17676        15.80119
        -0.17616        15.57517
        -0.17556        15.34830
        -0.17496        15.12089
        -0.17436        14.89328
        -0.17376        14.66580
        -0.17316        14.43877
        -0.17256        14.21252
        -0.17196        13.98736
        -0.17136        13.76359
        -0.17076        13.54152
        -0.17016        13.32140
        -0.16956        13.10351
        -0.16896        12.88808
        -0.16836        12.67534
        -0.16776        12.46549
        -0.16716        12.25871
        -0.16656        12.05517
        -0.16596        11.85500
        -0.16536        11.65835
        -0.16476        11.46531
        -0.16416        11.27597
        -0.16356        11.09041
        -0.16296        10.90868
        -0.16236        10.73083
        -0.16176        10.55688
        -0.16116        10.38684
        -0.16056        10.22073
        -0.15996        10.05854
        -0.15936         9.90024
        -0.15876         9.74581
        -0.15816         9.59523
        -0.15756         9.44845
        -0.15696         9.30542
        -0.15636         9.16609
        -0.15576         9.03041
        -0.15516         8.89832
        -0.15456         8.76976
        -0.15396         8.64466
        -0.15336         8.52295
        -0.15276         8.40456
        -0.15216         8.28944
        -0.15156         8.17749
        -0.15096         8.06867
        -0.15036         7.96288
        -0.14976         7.86006
        -0.14916         7.76015
        -0.14856         7.66307
        -0.14796         7.56875
        -0.14736         7.47712
        -0.14676         7.38812
        -0.14616         7.30168
        -0.14556         7.21773
        -0.14496         7.13622
        -0.14436         7.05708
        -0.14376         6.98025
        -0.14316         6.90567
        -0.14256         6.83329
        -0.14196         6.76304
        -0.14136         6.69488
        -0.14076         6.62875
        -0.14016         6.56460
        -0.13956         6.50239
        -0.13896         6.44205
        -0.13836         6.38356
        -0.13776         6.32685
        -0.13716         6.27190
        -0.13656         6.21865
        -0.13596         6.16707
        -0.13536         6.11712
        -0.13476         6.06876
        -0.13416         6.02195
        -0.13356         5.97666
        -0.13296         5.93285
        -0.13236         5.89050
        -0.13176         5.84957
        -0.13116         5.81003
        -0.13056         5.77185
        -0.12996         5.73500
        -0.12936         5.69947
        -0.12876         5.66521
        -0.12816         5.63222
        -0.12756         5.60045
        -0.12696         5.56990
        -0.12636         5.54054
        -0.12576         5.51234
        -0.12516         5.48530
        -0.12456         5.45938
        -0.12396         5.43457
        -0.12336         5.41086
        -0.12276         5.38823
        -0.12216         5.36665
        -0.12156         5.34612
        -0.12096         5.32662
        -0.12036         5.30814
        -0.11976         5.29067
        -0.11916         5.27418
        -0.11856         5.25868
        -0.11796         5.24414
        -0.11736         5.23057
        -0.11676         5.21794
        -0.11616         5.20625
        -0.11556         5.19549
        -0.11496         5.18566
        -0.11436         5.17673
        -0.11376         5.16872
        -0.11316         5.16161
        -0.11256         5.15539
        -0.11196         5.15005
        -0.11136         5.14561
        -0.11076         5.14204
        -0.11016         5.13934
        -0.10956         5.13752
        -0.10896         5.13656
        -0.10836         5.13647
        -0.10776         5.13723
        -0.10716         5.13886
        -0.10656         5.14134
        -0.10596         5.14468
        -0.10536         5.14887
        -0.10476         5.15391
        -0.10416         5.15981
        -0.10356         5.16656
        -0.10296         5.17416
        -0.10236         5.18261
        -0.10176         5.19192
        -0.10116         5.20208
        -0.10056         5.21310
        -0.09996         5.22497
        -0.09936         5.23770
        -0.09876         5.25129
        -0.09816         5.26574
        -0.09756         5.28105
        -0.09696         5.29723
        -0.09636         5.31428
        -0.09576         5.33219
        -0.09516         5.35098
        -0.09456         5.37065
        -0.09396         5.39119
        -0.09336         5.41261
        -0.09276         5.43492
        -0.09216         5.45811
        -0.09156         5.48218
        -0.09096         5.50715
        -0.09036         5.53301
        -0.08976         5.55976
        -0.08916         5.58741
        -0.08856         5.61596
        -0.08796         5.64540
        -0.08736         5.67575
        -0.08676         5.70699
        -0.08616         5.73914
        -0.08556         5.77219
        -0.08496         5.80614
        -0.08436         5.84100
        -0.08376         5.87675
        -0.08316         5.91340
        -0.08256         5.95095
        -0.08196         5.98939
        -0.08136         6.02873
        -0.08076         6.06895
        -0.08016         6.11006
        -0.07956         6.15205
        -0.07896         6.19491
        -0.07836         6.23864
        -0.07776         6.28324
        -0.07716         6.32869
        -0.07656         6.37499
        -0.07596         6.42214
        -0.07536         6.47012
        -0.07476         6.51892
        -0.07416         6.56855
        -0.07356         6.61898
        -0.07296         6.67021
        -0.07236         6.72223
        -0.07176         6.77503
        -0.07116         6.82861
        -0.07056         6.88295
        -0.06996         6.93804
        -0.06936         6.99388
        -0.06876         7.05046
        -0.06816         7.10777
        -0.06756         7.16581
        -0.06696         7.22457
        -0.06636         7.28404
        -0.06576         7.34424
        -0.06516         7.40515
        -0.06456         7.46678
        -0.06396         7.52914
        -0.06336         7.59222
        -0.06276         7.65604
        -0.06216         7.72062
        -0.06156         7.78596
        -0.06096         7.85209
        -0.06036         7.91902
        -0.05976         7.98678
        -0.05916         8.05541
        -0.05855         8.12493
        -0.05795         8.19539
        -0.05735         8.26681
        -0.05675         8.33926
        -0.05615         8.41278
        -0.05555         8.48742
        -0.05495         8.56324
        -0.05435         8.64030
        -0.05375         8.71868
        -0.05315         8.79843
        -0.05255         8.87964
        -0.05195         8.96237
        -0.05135         9.04671
        -0.05075         9.13272
        -0.05015         9.22050
        -0.04955         9.31012
        -0.04895         9.40166
        -0.04835         9.49519
        -0.04775         9.59080
        -0.04715         9.68854
        -0.04655         9.78849
        -0.04595         9.89069
        -0.04535         9.99521
        -0.04475        10.10206
        -0.04415        10.21129
        -0.04355        10.32289
        -0.04295        10.43687
        -0.04235        10.55319
        -0.04175        10.67182
        -0.04115        10.79269
        -0.04055        10.91571
        -0.03995        11.04076
        -0.03935        11.16770
        -0.03875        11.29636
        -0.03815        11.42652
        -0.03755        11.55796
        -0.03695        11.69041
        -0.03635        11.82358
        -0.03575        11.95713
        -0.03515        12.09070
        -0.03455        12.22391
        -0.03395        12.35635
        -0.03335        12.48758
        -0.03275        12.61714
        -0.03215        12.74458
        -0.03155        12.86941
        -0.03095        12.99115
        -0.03035        13.10934
        -0.02975        13.22349
        -0.02915        13.33317
        -0.02855        13.43794
        -0.02795        13.53741
        -0.02735        13.63122
        -0.02675        13.71903
        -0.02615        13.80059
        -0.02555        13.87565
        -0.02495        13.94406
        -0.02435        14.00570
        -0.02375        14.06050
        -0.02315        14.10848
        -0.02255        14.14967
        -0.02195        14.18419
        -0.02135        14.21221
        -0.02075        14.23393
        -0.02015        14.24960
        -0.01955        14.25952
        -0.01895        14.26401
        -0.01835        14.26342
        -0.01775        14.25814
        -0.01715        14.24855
        -0.01655        14.23506
        -0.01595        14.21810
        -0.01535        14.19808
        -0.01475        14.17542
        -0.01415        14.15054
        -0.01355        14.12385
        -0.01295        14.09574
        -0.01235        14.06660
        -0.01175        14.03680
        -0.01115        14.00671
        -0.01055        13.97666
        -0.00995        13.94697
        -0.00935        13.91796
        -0.00875        13.88992
        -0.00815        13.86312
        -0.00755        13.83781
        -0.00695        13.81423
        -0.00635        13.79261
        -0.00575        13.77317
        -0.00515        13.75609
        -0.00455        13.74156
        -0.00395        13.72976
        -0.00335        13.72084
        -0.00275        13.71496
        -0.00215        13.71225
        -0.00155        13.71286
        -0.00095        13.71691
        -0.00035        13.72451
         0.00025        13.73580
         0.00085        13.75087
         0.00145        13.76983
         0.00205        13.79280
         0.00265        13.81987
         0.00325        13.85114
         0.00385        13.88672
         0.00445        13.92670
         0.00505        13.97119
         0.00565        14.02028
         0.00625        14.07408
         0.00685        14.13269
         0.00745        14.19622
         0.00805        14.26479
         0.00865        14.33849
         0.00925        14.41745
         0.00985        14.50179
         0.01045        14.59163
         0.01105        14.68710
         0.01165        14.78834
         0.01225        14.89549
         0.01285        15.00868
         0.01345        15.12808
         0.01405        15.25384
         0.01465        15.38612
         0.01525        15.52509
         0.01585        15.67093
         0.01645        15.82383
         0.01705        15.98398
         0.01765        16.15157
         0.01825        16.32681
         0.01885        16.50992
         0.01945        16.70111
         0.02005        16.90063
         0.02065        17.10870
         0.02125        17.32558
         0.02185        17.55151
         0.02245        17.78676
         0.02305        18.03159
         0.02365        18.28629
         0.02425        18.55112
         0.02485        18.82637
         0.02545        19.11233
         0.02605        19.40928
         0.02665        19.71751
         0.02725        20.03731
         0.02785        20.36894
         0.02845        20.71268
         0.02905        21.06876
         0.02965        21.43741
         0.03025        21.81882
         0.03085        22.21312
         0.03145        22.62042
         0.03205        23.04074
         0.03265        23.47401
         0.03325        23.92007
         0.03385        24.37862
         0.03445        24.84922
         0.03505        25.33124
         0.03565        25.82383
         0.03625        26.32588
         0.03685        26.83601
         0.03745        27.35248
         0.03805        27.87320
         0.03865        28.39563
         0.03925        28.91680
         0.03985        29.43322
         0.04045        29.94093
         0.04105        30.43540
         0.04165        30.91161
         0.04225        31.36404
         0.04285        31.78676
         0.04345        32.17347
         0.04405        32.51768
         0.04465        32.81278
         0.04525        33.05232
         0.04585        33.23013
         0.04645        33.34058
         0.04705        33.37885
         0.04765        33.34107
         0.04825        33.22459
         0.04885        33.02812
         0.04945        32.75183
         0.05005        32.39741
         0.05065        31.96805
         0.05125        31.46833
         0.05185        30.90405
         0.05245        30.28205
         0.05305        29.60990
         0.05365        28.89566
         0.05425        28.14761
         0.05485        27.37395
         0.05545        26.58259
         0.05605        25.78099
         0.05665        24.97595
         0.05725        24.17359
         0.05785        23.37923
         0.05845        22.59742
         0.05905        21.83193
         0.05965        21.08583
         0.06025        20.36148
         0.06085        19.66066
         0.06145        18.98461
         0.06205        18.33411
         0.06265        17.70956
         0.06325        17.11103
         0.06385        16.53831
         0.06445        15.99100
         0.06505        15.46852
         0.06565        14.97018
         0.06625        14.49518
         0.06685        14.04267
         0.06745        13.61175
         0.06805        13.20150
         0.06865        12.81100
         0.06925        12.43934
         0.06985        12.08560
         0.07045        11.74891
         0.07105        11.42841
         0.07165        11.12327
         0.07225        10.83270
         0.07285        10.55594
         0.07345        10.29226
         0.07405        10.04099
         0.07465         9.80145
         0.07525         9.57305
         0.07585         9.35518
         0.07645         9.14730
         0.07705         8.94887
         0.07765         8.75941
         0.07825         8.57845
         0.07885         8.40554
         0.07945         8.24028
         0.08005         8.08227
         0.08065         7.93114
         0.08125         7.78655
         0.08185         7.64817
         0.08245         7.51568
         0.08305         7.38880
         0.08365         7.26726
         0.08425         7.15078
         0.08485         7.03914
         0.08545         6.93210
         0.08605         6.82944
         0.08665         6.73095
         0.08725         6.63644
         0.08785         6.54573
         0.08845         6.45864
         0.08905         6.37501
         0.08965         6.29468
         0.09025         6.21750
         0.09085         6.14334
         0.09145         6.07206
         0.09205         6.00354
         0.09265         5.93765
         0.09325         5.87429
         0.09385         5.81334
         0.09445         5.75471
         0.09505         5.69830
         0.09565         5.64401
         0.09625         5.59176
         0.09685         5.54146
         0.09745         5.49303
         0.09805         5.44641
         0.09865         5.40151
         0.09925         5.35827
         0.09985         5.31662
         0.10045         5.27650
         0.10105         5.23784
         0.10165         5.20061
         0.10225         5.16473
         0.10285         5.13015
         0.10345         5.09683
         0.10405         5.06472
         0.10465         5.03378
         0.10525         5.00395
         0.10585         4.97520
         0.10645         4.94749
         0.10705         4.92078
         0.10765         4.89504
         0.10825         4.87022
         0.10885         4.84630
         0.10945         4.82324
         0.11005         4.80102
         0.11065         4.77960
         0.11125         4.75895
         0.11185         4.73905
         0.11245         4.71987
         0.11305         4.70138
         0.11365         4.68357
         0.11425         4.66640
         0.11485         4.64987
         0.11545         4.63393
         0.11605         4.61858
         0.11665         4.60380
         0.11725         4.58955
         0.11785         4.57584
         0.11845         4.56263
         0.11905         4.54992
         0.11965         4.53767
         0.12025         4.52589
         0.12085         4.51455
         0.12145         4.50363
         0.12205         4.49313
         0.12265         4.48303
         0.12325         4.47331
         0.12385         4.46396
         0.12445         4.45497
         0.12505         4.44633
         0.12565         4.43802
         0.12625         4.43003
         0.12685         4.42235
         0.12745         4.41497
         0.12805         4.40787
         0.12865         4.40105
         0.12925         4.39449
         0.12985         4.38819
         0.13045         4.38213
         0.13105         4.37631
         0.13165         4.37071
         0.13225         4.36532
         0.13285         4.36014
         0.13345         4.35515
         0.13405         4.35035
         0.13465         4.34573
         0.13525         4.34127
         0.13585         4.33697
         0.13645         4.33281
         0.13705         4.32880
         0.13765         4.32492
         0.13825         4.32116
         0.13885         4.31752
         0.13945         4.31398
         0.14005         4.31054
         0.14065         4.30719
         0.14125         4.30392
         0.14185         4.30072
         0.14245         4.29759
         0.14305         4.29451
         0.14365         4.29148
         0.14425         4.28849
         0.14485         4.28554
         0.14545         4.28261
         0.14605         4.27969
         0.14665         4.27679
         0.14725         4.27389
         0.14785         4.27099
         0.14845         4.26807
         0.14905         4.26513
         0.14965         4.26217
         0.15026         4.25917
         0.15086         4.25613
         0.15146         4.25305
         0.15206         4.24991
         0.15266         4.24671
         0.15326         4.24344
         0.15386         4.24010
         0.15446         4.23669
         0.15506         4.23318
         0.15566         4.22959
         0.15626         4.22589
         0.15686         4.22210
         0.15746         4.21820
         0.15806         4.21418
         0.15866         4.21005
         0.15926         4.20579
         0.15986         4.20141
         0.16046         4.19689
         0.16106         4.19224
         0.16166         4.18745
         0.16226         4.18251
         0.16286         4.17743
         0.16346         4.17219
         0.16406         4.16681
         0.16466         4.16126
         0.16526         4.15556
         0.16586         4.14970
         0.16646         4.14367
         0.16706         4.13748
         0.16766         4.13112
         0.16826         4.12459
         0.16886         4.11789
         0.16946         4.11102
         0.17006         4.10399
         0.17066         4.09678
         0.17126         4.08940
         0.17186         4.08185
         0.17246         4.07412
         0.17306         4.06623
         0.17366         4.05817
         0.17426         4.04995
         0.17486         4.04155
         0.17546         4.03300
         0.17606         4.02428
         0.17666         4.01540
         0.17726         4.00636
         0.17786         3.99716
         0.17846         3.98782
         0.17906         3.97832
         0.17966         3.96868
         0.18026         3.95890
         0.18086         3.94898
         0.18146         3.93892
         0.18206         3.92873
         0.18266         3.91841
         0.18326         3.90797
         0.18386         3.89741
         0.18446         3.88674
         0.18506         3.87596
         0.18566         3.86507
         0.18626         3.85408
         0.18686         3.84300
         0.18746         3.83183
         0.18806         3.82057
         0.18866         3.80924
         0.18926         3.79783
         0.18986         3.78635
         0.19046         3.77481
         0.19106         3.76321
         0.19166         3.75156
         0.19226         3.73987
         0.19286         3.72813
         0.19346         3.71636
         0.19406         3.70456
         0.19466         3.69273
         0.19526         3.68089
         0.19586         3.66903
         0.19646         3.65717
         0.19706         3.64530
         0.19766         3.63344
         0.19826         3.62159
         0.19886         3.60975
         0.19946         3.59793
         0.20006         3.58613
         0.20066         3.57437
         0.20126         3.56264
         0.20186         3.55096
         0.20246         3.53931
         0.20306         3.52772
         0.20366         3.51619
         0.20426         3.50471
         0.20486         3.49330
         0.20546         3.48195
         0.20606         3.47068
         0.20666         3.45949
         0.20726         3.44838
         0.20786         3.43735
         0.20846         3.42642
         0.20906         3.41558
         0.20966         3.40483
         0.21026         3.39419
         0.21086         3.38365
         0.21146         3.37321
         0.21206         3.36289
         0.21266         3.35269
         0.21326         3.34260
         0.21386         3.33262
         0.21446         3.32278
         0.21506         3.31305
         0.21566         3.30346
         0.21626         3.29399
         0.21686         3.28466
         0.21746         3.27546
         0.21806         3.26639
         0.21866         3.25747
         0.21926         3.24868
         0.21986         3.24004
         0.22046         3.23154
         0.22106         3.22318
         0.22166         3.21497
         0.22226         3.20690
         0.22286         3.19899
         0.22346         3.19122
         0.22406         3.18360
         0.22466         3.17614
         0.22526         3.16882
         0.22586         3.16166
         0.22646         3.15465
         0.22706         3.14779
         0.22766         3.14109
         0.22826         3.13454
         0.22886         3.12815
         0.22946         3.12191
         0.23006         3.11583
         0.23066         3.10990
         0.23126         3.10412
         0.23186         3.09850
         0.23246         3.09304
         0.23306         3.08772
         0.23366         3.08257
         0.23426         3.07756
         0.23486         3.07272
         0.23546         3.06802
         0.23606         3.06348
         0.23666         3.05909
         0.23726         3.05485
         0.23786         3.05076
         0.23846         3.04683
         0.23906         3.04304
         0.23966         3.03941
         0.24026         3.03592
         0.24086         3.03259
         0.24146         3.02940
         0.24206         3.02636
         0.24266         3.02346
         0.24326         3.02072
         0.24386         3.01811
         0.24446         3.01565
         0.24506         3.01333
         0.24566         3.01116
         0.24626         3.00913
         0.24686         3.00723
         0.24746         3.00548
         0.24806         3.00387
         0.24866         3.00239
         0.24926         3.00105
         0.24986         2.99984
         0.25046         2.99877
         0.25106         2.99783
         0.25166         2.99702
         0.25226         2.99634
         0.25286         2.99580
         0.25346         2.99537
         0.25406         2.99508
         0.25466         2.99491
         0.25526         2.99486
         0.25586         2.99494
         0.25646         2.99513
         0.25706         2.99545
         0.25766         2.99588
         0.25826         2.99643
         0.25886         2.99709
         0.25946         2.99786
         0.26006         2.99874
         0.26066         2.99973
         0.26126         3.00083
         0.26186         3.00203
         0.26246         3.00334
         0.26306         3.00474
         0.26366         3.00624
         0.26426         3.00784
         0.26486         3.00954
         0.26546         3.01132
         0.26606         3.01320
         0.26666         3.01517
         0.26726         3.01722
         0.26786         3.01935
         0.26846         3.02157
         0.26906         3.02387
         0.26966         3.02624
         0.27026         3.02869
         0.27086         3.03122
         0.27146         3.03381
         0.27206         3.03648
         0.27266         3.03921
         0.27326         3.04201
         0.27386         3.04487
         0.27446         3.04780
         0.27506         3.05079
         0.27566         3.05383
         0.27626         3.05694
         0.27686         3.06010
         0.27746         3.06331
         0.27806         3.06658
         0.27866         3.06990
         0.27926         3.07328
         0.27986         3.07671
         0.28046         3.08019
         0.28106         3.08372
         0.28166         3.08730
         0.28226         3.09094
         0.28286         3.09462
         0.28346         3.09836
         0.28406         3.10215
         0.28466         3.10600
         0.28526         3.10991
         0.28586         3.11387
         0.28646         3.11789
         0.28706         3.12198
         0.28766         3.12613
         0.28826         3.13034
         0.28886         3.13463
         0.28946         3.13900
         0.29006         3.14344
         0.29066         3.14797
         0.29126         3.15258
         0.29186         3.15729
         0.29246         3.16209
         0.29306         3.16700
         0.29366         3.17203
         0.29426         3.17717
         0.29486         3.18243
         0.29546         3.18783
         0.29606         3.19337
         0.29666         3.19906
         0.29726         3.20491
         0.29786         3.21093
         0.29846         3.21712
         0.29906         3.22351
         0.29966         3.23009
         0.30026         3.23689
         0.30086         3.24392
         0.30146         3.25118
         0.30206         3.25869
         0.30266         3.26647
         0.30326         3.27453
         0.30386         3.28289
         0.30446         3.29156
         0.30506         3.30056
         0.30566         3.30991
         0.30626         3.31963
         0.30686         3.32973
         0.30746         3.34024
         0.30806         3.35118
         0.30866         3.36257
         0.30926         3.37443
         0.30986         3.38680
         0.31046         3.39969
         0.31106         3.41313
         0.31166         3.42716
         0.31226         3.44179
         0.31286         3.45707
         0.31346         3.47302
         0.31406         3.48969
         0.31466         3.50710
         0.31526         3.52530
         0.31586         3.54433
         0.31646         3.56422
         0.31706         3.58504
         0.31766         3.60682
         0.31826         3.62961
         0.31886         3.65348
         0.31946         3.67847
         0.32006         3.70465
         0.32066         3.73209
         0.32126         3.76085
         0.32186         3.79101
         0.32246         3.82265
         0.32306         3.85585
         0.32366         3.89070
         0.32426         3.92729
         0.32486         3.96574
         0.32546         4.00615
         0.32606         4.04863
         0.32666         4.09332
         0.32726         4.14036
         0.32786         4.18988
         0.32846         4.24204
         0.32906         4.29701
         0.32966         4.35498
         0.33026         4.41613
         0.33086         4.48068
         0.33146         4.54884
         0.33206         4.62086
         0.33266         4.69699
         0.33326         4.77751
         0.33386         4.86270
         0.33446         4.95289
         0.33506         5.04839
         0.33566         5.14956
         0.33626         5.25676
         0.33686         5.37038
         0.33746         5.49082
         0.33806         5.61849
         0.33866         5.75380
         0.33926         5.89717
         0.33986         6.04901
         0.34046         6.20972
         0.34106         6.37964
         0.34166         6.55910
         0.34226         6.74831
         0.34286         6.94742
         0.34346         7.15644
         0.34406         7.37520
         0.34466         7.60335
         0.34526         7.84025
         0.34586         8.08502
         0.34646         8.33639
         0.34706         8.59274
         0.34766         8.85202
         0.34826         9.11177
         0.34886         9.36909
         0.34946         9.62072
         0.35006         9.86306
         0.35066        10.09231
         0.35126        10.30457
         0.35186        10.49607
         0.35246        10.66329
         0.35306        10.80319
         0.35366        10.91338
         0.35426        10.99222
         0.35486        11.03897
         0.35546        11.05377
         0.35606        11.03762
         0.35666        10.99230
         0.35726        10.92021
         0.35786        10.82424
         0.35846        10.70758
         0.35906        10.57355
         0.35967        10.42545
         0.36027        10.26646
         0.36087        10.09953
         0.36147         9.92734
         0.36207         9.75224
         0.36267         9.57623
         0.36327         9.40101
         0.36387         9.22799
         0.36447         9.05826
         0.36507         8.89268
         0.36567         8.73191
         0.36627         8.57641
         0.36687         8.42649
         0.36747         8.28234
         0.36807         8.14403
         0.36867         8.01157
         0.36927         7.88489
         0.36987         7.76389
         0.37047         7.64842
         0.37107         7.53830
         0.37167         7.43336
         0.37227         7.33338
         0.37287         7.23818
         0.37347         7.14753
         0.37407         7.06125
         0.37467         6.97912
         0.37527         6.90095
         0.37587         6.82656
         0.37647         6.75576
         0.37707         6.68838
         0.37767         6.62427
         0.37827         6.56326
         0.37887         6.50520
         0.37947         6.44997
         0.38007         6.39743
         0.38067         6.34745
         0.38127         6.29992
         0.38187         6.25474
         0.38247         6.21180
         0.38307         6.17101
         0.38367         6.13228
         0.38427         6.09553
         0.38487         6.06068
         0.38547         6.02766
         0.38607         5.99639
         0.38667         5.96683
         0.38727         5.93891
         0.38787         5.91257
         0.38847         5.88777
         0.38907         5.86446
         0.38967         5.84259
         0.39027         5.82213
         0.39087         5.80304
         0.39147         5.78528
         0.39207         5.76882
         0.39267         5.75364
         0.39327         5.73970
         0.39387         5.72698
         0.39447         5.71545
         0.39507         5.70511
         0.39567         5.69592
         0.39627         5.68788
         0.39687         5.68096
         0.39747         5.67515
         0.39807         5.67045
         0.39867         5.66683
         0.39927         5.66429
         0.39987         5.66282
         0.40047         5.66242
         0.40107         5.66307
         0.40167         5.66477
         0.40227         5.66752
         0.40287         5.67132
         0.40347         5.67616
         0.40407         5.68204
         0.40467         5.68897
         0.40527         5.69693
         0.40587         5.70594
         0.40647         5.71599
         0.40707         5.72709
         0.40767         5.73923
         0.40827         5.75243
         0.40887         5.76669
         0.40947         5.78201
         0.41007         5.79840
         0.41067         5.81586
         0.41127         5.83440
         0.41187         5.85403
         0.41247         5.87475
         0.41307         5.89657
         0.41367         5.91949
         0.41427         5.94354
         0.41487         5.96870
         0.41547         5.99500
         0.41607         6.02244
         0.41667         6.05103
         0.41727         6.08078
         0.41787         6.11170
         0.41847         6.14380
         0.41907         6.17709
         0.41967         6.21158
         0.42027         6.24728
         0.42087         6.28420
         0.42147         6.32235
         0.42207         6.36175
         0.42267         6.40240
         0.42327         6.44432
         0.42387         6.48752
         0.42447         6.53201
         0.42507         6.57781
         0.42567         6.62493
         0.42627         6.67339
         0.42687         6.72320
         0.42747         6.77437
         0.42807         6.82693
         0.42867         6.88090
         0.42927         6.93629
         0.42987         6.99312
         0.43047         7.05142
         0.43107         7.11120
         0.43167         7.17250
         0.43227         7.23533
         0.43287         7.29973
         0.43347         7.36573
         0.43407         7.43335
         0.43467         7.50262
         0.43527         7.57357
         0.43587         7.64625
         0.43647         7.72067
         0.43707         7.79688
         0.43767         7.87490
         0.43827         7.95477
         0.43887         8.03652
         0.43947         8.12016
         0.44007         8.20573
         0.44067         8.29324
         0.44127         8.38271
         0.44187         8.47412
         0.44247         8.56749
         0.44307         8.66279
         0.44367         8.75999
         0.44427         8.85905
         0.44487         8.95990
         0.44547         9.06247
         0.44607         9.16666
         0.44667         9.27233
         0.44727         9.37935
         0.44787         9.48754
         0.44847         9.59669
         0.44907         9.70657
         0.44967         9.81693
         0.45027         9.92747
         0.45087        10.03788
         0.45147        10.14781
         0.45207        10.25690
         0.45267        10.36476
         0.45327        10.47099
         0.45387        10.57515
         0.45447        10.67683
         0.45507        10.77559
         0.45567        10.87101
         0.45627        10.96269
         0.45687        11.05023
         0.45747        11.13326
         0.45807        11.21144
         0.45867        11.28449
         0.45927        11.35215
         0.45987        11.41422
         0.46047        11.47054
         0.46107        11.52101
         0.46167        11.56559
         0.46227        11.60427
         0.46287        11.63713
         0.46347        11.66425
         0.46407        11.68579
         0.46467        11.70192
         0.46527        11.71289
         0.46587        11.71892
         0.46647        11.72029
         0.46707        11.71729
         0.46767        11.71021
         0.46827        11.69936
         0.46887        11.68504
         0.46947        11.66755
         0.47007        11.64720
         0.47067        11.62425
         0.47127        11.59900
         0.47187        11.57169
         0.47247        11.54257
         0.47307        11.51186
         0.47367        11.47979
         0.47427        11.44653
         0.47487        11.41228
         0.47547        11.37718
         0.47607        11.34139
         0.47667        11.30504
         0.47727        11.26825
         0.47787        11.23113
         0.47847        11.19377
         0.47907        11.15625
         0.47967        11.11865
         0.48027        11.08105
         0.48087        11.04349
         0.48147        11.00603
         0.48207        10.96872
         0.48267        10.93160
         0.48327        10.89471
         0.48387        10.85808
         0.48447        10.82175
         0.48507        10.78573
         0.48567        10.75006
         0.48627        10.71475
         0.48687        10.67982
         0.48747        10.64529
         0.48807        10.61118
         0.48867        10.57749
         0.48927        10.54425
         0.48987        10.51146
         0.49047        10.47913
         0.49107        10.44727
         0.49167        10.41590
         0.49227        10.38500
         0.49287        10.35460
         0.49347        10.32469
         0.49407        10.29528
         0.49467        10.26637
         0.49527        10.23797
         0.49587        10.21008
         0.49647        10.18269
         0.49707        10.15582
         0.49767        10.12945
         0.49827        10.10359
         0.49887        10.07825
         0.49947        10.05341
         0.50007        10.02908
         0.50067        10.00526
         0.50127         9.98194
         0.50187         9.95913
         0.50247         9.93682
         0.50307         9.91501
         0.50367         9.89370
         0.50427         9.87289
         0.50487         9.85257
         0.50547         9.83274
