 orbital           1 atom           1
  0.18944195  1.00000000
 -0.01597061  0.25154690
  0.29138217  0.13508105
 -0.09153060  0.20415818
  0.03337119  0.13476264
  0.17513731  0.16547400
 -0.02246874  0.18750000
  0.17358095  0.17820151
  0.06796399  0.18263349
  0.07677237  0.16974689
  0.19390163  0.22289847
  0.11373211  0.18831243
  0.17847213  0.21429787
  0.10287790  0.20896236
  0.17279175  0.19544416
  0.11616942  0.20710380
  0.08594454  0.18570633
  0.17500366  0.20476367
  0.10772976  0.18747503
  0.15247224  0.21814693
  0.00000000  0.20221272
 orbital           2 atom           1
  0.52557639  1.00000000
  0.07145931  0.15222869
  0.23262187  0.14128410
  0.07514243  0.14887869
  0.05525862  0.17296647
  0.14741951  0.16222633
  0.06403865  0.18356254
  0.13939049  0.18333288
  0.07965831  0.17706798
  0.09194913  0.18165668
  0.12980423  0.18663678
  0.09745153  0.18198304
  0.13525877  0.19893924
  0.15548097  0.20129850
  0.14693721  0.20036083
  0.14279742  0.21752857
  0.13656527  0.19196049
  0.12734867  0.20126278
  0.11665961  0.19618467
  0.13346335  0.19282252
  0.00000000  0.20177282
 orbital           3 atom           1
  0.53184964  1.00000000
  0.07036968  0.15222869
  0.23349030  0.14188899
  0.07521300  0.14863712
  0.05835534  0.17283087
  0.15417489  0.16583828
  0.06956733  0.18449925
  0.14525301  0.18697528
  0.08533402  0.17892286
  0.10634497  0.18545064
  0.14178406  0.19384461
  0.11516899  0.18682436
  0.14728611  0.20769354
  0.15100263  0.20244418
  0.14000528  0.19779137
  0.12562536  0.21095346
  0.13491638  0.18748404
  0.12756301  0.20194804
  0.12330222  0.19668574
  0.14381631  0.19781975
  0.00000000  0.20401190
 orbital           4 atom           1
  0.53812290  1.00000000
  0.06928006  0.15222869
  0.23436432  0.14249394
  0.07525981  0.14839520
  0.06107676  0.17264810
  0.15953578  0.16909928
  0.07249060  0.18468406
  0.14711326  0.18900915
  0.08448835  0.17885318
  0.10967859  0.18546536
  0.14158536  0.19536857
  0.11647969  0.18627079
  0.14973903  0.20928976
  0.14988467  0.20211059
  0.14300368  0.19863010
  0.12425565  0.21127771
  0.13761958  0.18732450
  0.12637646  0.20319468
  0.12285553  0.19536011
  0.14514131  0.19856051
  0.00000000  0.20385829
 orbital           5 atom           1
 -0.19053169  1.00000000
  0.08205083  0.02957305
  0.24221320  0.12049081
  0.23449585  0.10251877
  0.09777536  0.16648050
  0.13923767  0.15639378
  0.05983366  0.15714916
  0.10135562  0.17475353
  0.12415554  0.15509969
  0.09523233  0.19007849
  0.11613100  0.17882985
  0.13300320  0.18621156
  0.12366846  0.18919268
  0.13933320  0.19791485
  0.14697564  0.19748470
  0.12395978  0.19853698
  0.15560292  0.19793788
  0.11156123  0.19338752
  0.13925346  0.20408236
  0.14533577  0.18962847
  0.00000000  0.19971796
 orbital           6 atom           1
 -0.17879302  1.00000000
  0.26908340  0.04320296
  0.16830288  0.13916545
  0.25695303  0.10387556
  0.08786644  0.16042457
  0.15107272  0.14168213
  0.08658930  0.17123435
  0.08350394  0.17545133
  0.16907755  0.16329207
  0.08230101  0.18728213
  0.13296627  0.18114340
  0.16138604  0.20713648
  0.12701429  0.17922144
  0.15266891  0.21184102
  0.13036264  0.19728402
  0.13743397  0.19002398
  0.14041103  0.20562394
  0.10883208  0.18279058
  0.15395510  0.21243852
  0.13906314  0.18670675
  0.00000000  0.20552381
 orbital           7 atom           1
 -0.19635942  1.00000000
 -0.10776337  0.01594314
  0.32003946  0.10201969
  0.21780126  0.10359098
  0.10522519  0.17025565
  0.13102349  0.17343031
  0.03815472  0.14298678
  0.12742514  0.17765791
  0.09608827  0.15236666
  0.11899954  0.19706121
  0.11380298  0.18399345
  0.11667072  0.16987952
  0.12663286  0.20335520
  0.12400006  0.18520779
  0.15941860  0.19627407
  0.10374099  0.20299051
  0.16723567  0.18990294
  0.11846421  0.20243625
  0.12178670  0.19642936
  0.15948428  0.19527946
  0.00000000  0.19348772
 orbital           8 atom           1
 -0.17485239  1.00000000
  0.26628747  0.04320296
  0.16700202  0.14013545
  0.25804756  0.10348305
  0.09141670  0.15941610
  0.15082000  0.14400713
  0.09482388  0.17203485
  0.09124679  0.17809702
  0.18412935  0.17003838
  0.10364226  0.19241298
  0.15299631  0.19158760
  0.16653289  0.21507255
  0.13456532  0.17895110
  0.14095687  0.21238021
  0.12602619  0.19298417
  0.13799276  0.18831853
  0.14215800  0.20770809
  0.12686414  0.18525379
  0.15665725  0.21940816
  0.14712460  0.18927618
  0.00000000  0.20519645
 orbital           9 atom           1
 -0.18265044  1.00000000
  0.07787123  0.02957305
  0.24547282  0.12117932
  0.24066875  0.10473877
  0.09669363  0.16361762
  0.14179702  0.15961802
  0.06678170  0.15693981
  0.10879892  0.17826505
  0.13974359  0.16100438
  0.10814967  0.19344311
  0.13209556  0.18715445
  0.14973154  0.19311599
  0.14052075  0.19541205
  0.14279445  0.20381107
  0.14930555  0.19876450
  0.12016020  0.19611095
  0.14898186  0.19838187
  0.11498011  0.19002453
  0.13203497  0.20398789
  0.15293547  0.19154749
  0.00000000  0.19886208
 orbital          10 atom           1
  0.22384792  1.00000000
  0.03999943  0.27917053
  0.33161432  0.12795628
 -0.04662894  0.24972263
  0.14118894  0.13441659
  0.17375387  0.18197890
  0.05310436  0.22877132
  0.23143096  0.15539176
  0.05285658  0.21292502
  0.17241742  0.18105310
  0.16014842  0.19980204
  0.12398963  0.20304859
  0.14679259  0.18943008
  0.14967998  0.20147578
  0.13079533  0.18638631
  0.15861216  0.21462413
  0.14174382  0.17894859
  0.13292839  0.20901927
  0.16240811  0.19659875
  0.14625134  0.18661421
  0.00000000  0.21801803
 orbital          11 atom           1
  0.60309335  1.00000000
  0.11955423  0.17697980
  0.30528347  0.13544890
  0.07907454  0.17872553
  0.17843914  0.18419924
  0.16077592  0.17068485
  0.15108205  0.22481720
  0.19446835  0.17739661
  0.10246632  0.20553498
  0.17616172  0.19083904
  0.14696511  0.18765546
  0.12835728  0.21107494
  0.16485154  0.17596444
  0.13500106  0.21193916
  0.15707598  0.18744875
  0.14680503  0.20353835
  0.15094920  0.19465267
  0.13930049  0.19671298
  0.16292018  0.20074581
  0.13039340  0.19246579
  0.00000000  0.19923736
 orbital          12 atom           1
  0.59682010  1.00000000
  0.12067221  0.17697980
  0.30420501  0.13485421
  0.07864898  0.17915944
  0.17642410  0.18355657
  0.15308969  0.16844686
  0.15134615  0.22332165
  0.19042246  0.17613660
  0.10356659  0.20565202
  0.17333479  0.19011998
  0.14527070  0.18663249
  0.12957417  0.21125630
  0.16048532  0.17519907
  0.13646078  0.21118638
  0.15357706  0.18731938
  0.14571280  0.20215785
  0.14949865  0.19428253
  0.13610881  0.19574702
  0.16375938  0.19970865
  0.12945207  0.19316096
  0.00000000  0.19815711
 orbital          13 atom           1
  0.59054684  1.00000000
  0.12179019  0.17697980
  0.30312022  0.13425945
  0.07824752  0.17959453
  0.17464000  0.18294958
  0.14600827  0.16638230
  0.15202995  0.22206554
  0.18706515  0.17511662
  0.10554038  0.20605190
  0.17198972  0.18993377
  0.14618998  0.18646882
  0.13227649  0.21237886
  0.15926595  0.17546776
  0.13801354  0.21115987
  0.15050291  0.18727716
  0.14401970  0.20070444
  0.14766596  0.19370293
  0.13355722  0.19472237
  0.16465493  0.19905519
  0.12986286  0.19391450
  0.00000000  0.19790433
 orbital          14 atom           1
 -0.01661210  1.00000000
  0.12249297  0.04482511
  0.37088572  0.10647068
  0.18878990  0.12947974
  0.21032025  0.18672301
  0.16813277  0.15632754
  0.11953051  0.19191975
  0.18266355  0.17007367
  0.15381755  0.18640591
  0.15102891  0.20040415
  0.16468782  0.18475003
  0.12929620  0.19090439
  0.17611950  0.19352863
  0.11444345  0.18830880
  0.17783749  0.19927021
  0.13858968  0.18394409
  0.14082343  0.20780403
  0.17507148  0.18544064
  0.11993646  0.20172262
  0.16788495  0.19234336
  0.00000000  0.19387612
 orbital          15 atom           1
 -0.00534659  1.00000000
  0.31704636  0.06476272
  0.28303065  0.13078099
  0.23048826  0.12254318
  0.20076503  0.18356875
  0.16987137  0.14641089
  0.13554105  0.19718331
  0.16734954  0.18004221
  0.17667934  0.17000754
  0.12854137  0.21117509
  0.16649233  0.17931960
  0.16140120  0.19195721
  0.14663422  0.20113940
  0.13468655  0.18443175
  0.18072445  0.20166890
  0.12141879  0.18582454
  0.15973134  0.20312618
  0.16231943  0.18991374
  0.12360183  0.19727526
  0.17642845  0.19740452
  0.00000000  0.19328313
 orbital          16 atom           1
 -0.03378856  1.00000000
 -0.06928393  0.02488751
  0.45424036  0.08203920
  0.14130608  0.13476017
  0.22388333  0.18939186
  0.15871285  0.16557054
  0.10453522  0.18567445
  0.18884709  0.15791856
  0.12409874  0.19997564
  0.17020613  0.18703254
  0.15677833  0.18781403
  0.09649897  0.18933316
  0.20690551  0.18431712
  0.09467188  0.19485492
  0.18002018  0.19642911
  0.14786265  0.18237301
  0.12528937  0.21129399
  0.17955651  0.17896975
  0.11936707  0.20687090
  0.15999936  0.18586270
  0.00000000  0.19746665
 orbital          17 atom           1
 -0.00928721  1.00000000
  0.31990209  0.06476272
  0.28437723  0.12977900
  0.22740666  0.12355902
  0.20274139  0.18376794
  0.16668095  0.14463242
  0.13427110  0.19847183
  0.16816295  0.17782240
  0.17075490  0.17042497
  0.13087205  0.20998793
  0.16145642  0.17823965
  0.16086218  0.19200331
  0.14506484  0.19907786
  0.13222130  0.18518481
  0.18073573  0.19956058
  0.11892579  0.18624594
  0.15947317  0.20232090
  0.16071150  0.18893784
  0.12179634  0.19748256
  0.17525411  0.19586975
  0.00000000  0.19298826
 orbital          18 atom           1
 -0.02449335  1.00000000
  0.12669732  0.04482511
  0.36706611  0.10584849
  0.18156589  0.12834404
  0.21549281  0.18639962
  0.15906118  0.15483974
  0.12004247  0.19162941
  0.17429843  0.16685685
  0.14540188  0.18414355
  0.15148292  0.19797634
  0.15936904  0.18328181
  0.13155553  0.19165404
  0.17804619  0.19249830
  0.11245277  0.19075383
  0.18100443  0.19724553
  0.12838320  0.18386547
  0.14310574  0.20549066
  0.16693599  0.18313116
  0.12259716  0.20275884
  0.16870407  0.19053352
  0.00000000  0.19678926
 orbital           1 atom           2
  0.18944195  1.00000000
 -0.01597061  0.25154690
  0.29138217  0.13508105
 -0.09153060  0.20415818
  0.03337119  0.13476264
  0.17513731  0.16547400
 -0.02246874  0.18750000
  0.17358095  0.17820151
  0.06796399  0.18263349
  0.07677237  0.16974689
  0.19390163  0.22289847
  0.11373211  0.18831243
  0.17847213  0.21429787
  0.10287790  0.20896236
  0.17279175  0.19544416
  0.11616942  0.20710380
  0.08594454  0.18570633
  0.17500366  0.20476367
  0.10772976  0.18747503
  0.15247224  0.21814693
  0.00000000  0.20221272
 orbital           2 atom           2
  0.52557639  1.00000000
  0.07145931  0.15222869
  0.23262187  0.14128410
  0.07514243  0.14887869
  0.05525862  0.17296647
  0.14741951  0.16222633
  0.06403865  0.18356254
  0.13939049  0.18333288
  0.07965831  0.17706798
  0.09194913  0.18165668
  0.12980423  0.18663678
  0.09745153  0.18198304
  0.13525877  0.19893924
  0.15548097  0.20129850
  0.14693721  0.20036083
  0.14279742  0.21752857
  0.13656527  0.19196049
  0.12734867  0.20126278
  0.11665961  0.19618467
  0.13346335  0.19282252
  0.00000000  0.20177282
 orbital           3 atom           2
  0.53184964  1.00000000
  0.07036968  0.15222869
  0.23349030  0.14188899
  0.07521300  0.14863712
  0.05835534  0.17283087
  0.15417489  0.16583828
  0.06956733  0.18449925
  0.14525301  0.18697528
  0.08533402  0.17892286
  0.10634497  0.18545064
  0.14178406  0.19384461
  0.11516899  0.18682436
  0.14728611  0.20769354
  0.15100263  0.20244418
  0.14000528  0.19779137
  0.12562536  0.21095346
  0.13491638  0.18748404
  0.12756301  0.20194804
  0.12330222  0.19668574
  0.14381631  0.19781975
  0.00000000  0.20401190
 orbital           4 atom           2
  0.53812290  1.00000000
  0.06928006  0.15222869
  0.23436432  0.14249394
  0.07525981  0.14839520
  0.06107676  0.17264810
  0.15953578  0.16909928
  0.07249060  0.18468406
  0.14711326  0.18900915
  0.08448835  0.17885318
  0.10967859  0.18546536
  0.14158536  0.19536857
  0.11647969  0.18627079
  0.14973903  0.20928976
  0.14988467  0.20211059
  0.14300368  0.19863010
  0.12425565  0.21127771
  0.13761958  0.18732450
  0.12637646  0.20319468
  0.12285553  0.19536011
  0.14514131  0.19856051
  0.00000000  0.20385829
 orbital           5 atom           2
 -0.19053169  1.00000000
  0.08205083  0.02957305
  0.24221320  0.12049081
  0.23449585  0.10251877
  0.09777536  0.16648050
  0.13923767  0.15639378
  0.05983366  0.15714916
  0.10135562  0.17475353
  0.12415554  0.15509969
  0.09523233  0.19007849
  0.11613100  0.17882985
  0.13300320  0.18621156
  0.12366846  0.18919268
  0.13933320  0.19791485
  0.14697563  0.19748470
  0.12395978  0.19853698
  0.15560292  0.19793788
  0.11156123  0.19338752
  0.13925346  0.20408236
  0.14533577  0.18962847
  0.00000000  0.19971796
 orbital           6 atom           2
 -0.17879302  1.00000000
  0.26908340  0.04320296
  0.16830288  0.13916545
  0.25695303  0.10387556
  0.08786644  0.16042457
  0.15107272  0.14168213
  0.08658930  0.17123435
  0.08350394  0.17545133
  0.16907755  0.16329207
  0.08230101  0.18728213
  0.13296627  0.18114340
  0.16138604  0.20713648
  0.12701429  0.17922144
  0.15266891  0.21184102
  0.13036264  0.19728402
  0.13743397  0.19002398
  0.14041103  0.20562394
  0.10883207  0.18279058
  0.15395510  0.21243852
  0.13906314  0.18670675
  0.00000000  0.20552381
 orbital           7 atom           2
 -0.19635942  1.00000000
 -0.10776337  0.01594314
  0.32003946  0.10201969
  0.21780126  0.10359098
  0.10522519  0.17025565
  0.13102349  0.17343031
  0.03815472  0.14298678
  0.12742514  0.17765791
  0.09608827  0.15236666
  0.11899954  0.19706121
  0.11380298  0.18399345
  0.11667072  0.16987952
  0.12663286  0.20335520
  0.12400006  0.18520779
  0.15941860  0.19627407
  0.10374099  0.20299051
  0.16723567  0.18990294
  0.11846421  0.20243625
  0.12178670  0.19642936
  0.15948428  0.19527946
  0.00000000  0.19348772
 orbital           8 atom           2
 -0.17485239  1.00000000
  0.26628747  0.04320296
  0.16700202  0.14013545
  0.25804756  0.10348305
  0.09141670  0.15941610
  0.15082000  0.14400713
  0.09482388  0.17203485
  0.09124679  0.17809702
  0.18412935  0.17003838
  0.10364226  0.19241298
  0.15299631  0.19158760
  0.16653289  0.21507255
  0.13456532  0.17895110
  0.14095687  0.21238021
  0.12602619  0.19298417
  0.13799276  0.18831853
  0.14215800  0.20770809
  0.12686414  0.18525379
  0.15665725  0.21940816
  0.14712460  0.18927618
  0.00000000  0.20519645
 orbital           9 atom           2
 -0.18265044  1.00000000
  0.07787123  0.02957305
  0.24547282  0.12117932
  0.24066875  0.10473877
  0.09669363  0.16361762
  0.14179702  0.15961802
  0.06678170  0.15693981
  0.10879892  0.17826505
  0.13974359  0.16100438
  0.10814967  0.19344311
  0.13209556  0.18715445
  0.14973154  0.19311599
  0.14052075  0.19541205
  0.14279445  0.20381107
  0.14930555  0.19876450
  0.12016020  0.19611095
  0.14898186  0.19838187
  0.11498011  0.19002453
  0.13203497  0.20398789
  0.15293547  0.19154749
  0.00000000  0.19886208
 orbital          10 atom           2
  0.22384792  1.00000000
  0.03999943  0.27917053
  0.33161432  0.12795628
 -0.04662894  0.24972263
  0.14118894  0.13441659
  0.17375387  0.18197890
  0.05310436  0.22877132
  0.23143096  0.15539176
  0.05285658  0.21292502
  0.17241742  0.18105310
  0.16014842  0.19980204
  0.12398963  0.20304859
  0.14679259  0.18943008
  0.14967998  0.20147578
  0.13079533  0.18638631
  0.15861216  0.21462413
  0.14174382  0.17894859
  0.13292839  0.20901927
  0.16240811  0.19659875
  0.14625134  0.18661421
  0.00000000  0.21801803
 orbital          11 atom           2
  0.60309335  1.00000000
  0.11955423  0.17697980
  0.30528347  0.13544890
  0.07907454  0.17872553
  0.17843914  0.18419924
  0.16077592  0.17068485
  0.15108205  0.22481720
  0.19446835  0.17739661
  0.10246632  0.20553498
  0.17616172  0.19083904
  0.14696511  0.18765546
  0.12835728  0.21107494
  0.16485154  0.17596444
  0.13500106  0.21193916
  0.15707598  0.18744875
  0.14680503  0.20353835
  0.15094920  0.19465267
  0.13930049  0.19671298
  0.16292018  0.20074581
  0.13039340  0.19246579
  0.00000000  0.19923736
 orbital          12 atom           2
  0.59682010  1.00000000
  0.12067221  0.17697980
  0.30420501  0.13485421
  0.07864898  0.17915944
  0.17642410  0.18355657
  0.15308969  0.16844686
  0.15134615  0.22332165
  0.19042246  0.17613660
  0.10356659  0.20565202
  0.17333479  0.19011998
  0.14527070  0.18663249
  0.12957417  0.21125630
  0.16048532  0.17519907
  0.13646078  0.21118638
  0.15357706  0.18731938
  0.14571280  0.20215785
  0.14949865  0.19428253
  0.13610881  0.19574702
  0.16375938  0.19970865
  0.12945207  0.19316096
  0.00000000  0.19815711
 orbital          13 atom           2
  0.59054684  1.00000000
  0.12179019  0.17697980
  0.30312022  0.13425945
  0.07824752  0.17959453
  0.17464000  0.18294958
  0.14600827  0.16638230
  0.15202995  0.22206554
  0.18706515  0.17511662
  0.10554038  0.20605190
  0.17198972  0.18993377
  0.14618998  0.18646882
  0.13227649  0.21237886
  0.15926595  0.17546776
  0.13801354  0.21115987
  0.15050291  0.18727716
  0.14401970  0.20070444
  0.14766596  0.19370293
  0.13355722  0.19472237
  0.16465493  0.19905519
  0.12986286  0.19391450
  0.00000000  0.19790433
 orbital          14 atom           2
 -0.01661210  1.00000000
  0.12249297  0.04482511
  0.37088572  0.10647068
  0.18878990  0.12947974
  0.21032025  0.18672301
  0.16813277  0.15632754
  0.11953051  0.19191975
  0.18266355  0.17007367
  0.15381755  0.18640591
  0.15102891  0.20040415
  0.16468782  0.18475003
  0.12929620  0.19090439
  0.17611950  0.19352863
  0.11444345  0.18830880
  0.17783749  0.19927021
  0.13858968  0.18394409
  0.14082343  0.20780403
  0.17507148  0.18544064
  0.11993646  0.20172262
  0.16788495  0.19234336
  0.00000000  0.19387612
 orbital          15 atom           2
 -0.00534659  1.00000000
  0.31704636  0.06476272
  0.28303065  0.13078099
  0.23048826  0.12254318
  0.20076503  0.18356875
  0.16987137  0.14641089
  0.13554105  0.19718331
  0.16734954  0.18004221
  0.17667934  0.17000754
  0.12854137  0.21117509
  0.16649233  0.17931960
  0.16140120  0.19195721
  0.14663422  0.20113940
  0.13468655  0.18443175
  0.18072445  0.20166890
  0.12141879  0.18582454
  0.15973134  0.20312618
  0.16231943  0.18991374
  0.12360183  0.19727526
  0.17642845  0.19740452
  0.00000000  0.19328313
 orbital          16 atom           2
 -0.03378856  1.00000000
 -0.06928393  0.02488751
  0.45424036  0.08203920
  0.14130608  0.13476017
  0.22388333  0.18939186
  0.15871285  0.16557054
  0.10453522  0.18567445
  0.18884709  0.15791856
  0.12409874  0.19997564
  0.17020613  0.18703254
  0.15677833  0.18781403
  0.09649897  0.18933316
  0.20690551  0.18431712
  0.09467188  0.19485492
  0.18002018  0.19642911
  0.14786265  0.18237301
  0.12528937  0.21129399
  0.17955651  0.17896975
  0.11936707  0.20687090
  0.15999936  0.18586270
  0.00000000  0.19746665
 orbital          17 atom           2
 -0.00928721  1.00000000
  0.31990209  0.06476272
  0.28437723  0.12977900
  0.22740666  0.12355902
  0.20274139  0.18376794
  0.16668095  0.14463242
  0.13427110  0.19847183
  0.16816295  0.17782240
  0.17075490  0.17042497
  0.13087205  0.20998793
  0.16145642  0.17823965
  0.16086218  0.19200331
  0.14506484  0.19907786
  0.13222130  0.18518481
  0.18073573  0.19956058
  0.11892579  0.18624594
  0.15947317  0.20232090
  0.16071150  0.18893784
  0.12179634  0.19748256
  0.17525411  0.19586975
  0.00000000  0.19298826
 orbital          18 atom           2
 -0.02449335  1.00000000
  0.12669732  0.04482511
  0.36706611  0.10584849
  0.18156589  0.12834404
  0.21549281  0.18639962
  0.15906118  0.15483974
  0.12004247  0.19162941
  0.17429843  0.16685685
  0.14540188  0.18414355
  0.15148292  0.19797634
  0.15936904  0.18328181
  0.13155553  0.19165404
  0.17804619  0.19249830
  0.11245277  0.19075383
  0.18100443  0.19724553
  0.12838320  0.18386547
  0.14310574  0.20549066
  0.16693599  0.18313116
  0.12259716  0.20275884
  0.16870407  0.19053352
  0.00000000  0.19678926
