        -1.00000         0.00000
        -0.99940         0.00000
        -0.99880         0.00000
        -0.99820         0.00000
        -0.99760         0.00000
        -0.99700         0.00000
        -0.99640         0.00000
        -0.99580         0.00000
        -0.99520         0.00000
        -0.99460         0.00000
        -0.99400         0.00000
        -0.99340         0.00000
        -0.99280         0.00000
        -0.99220         0.00000
        -0.99160         0.00000
        -0.99100         0.00000
        -0.99040         0.00000
        -0.98980         0.00000
        -0.98920         0.00000
        -0.98860         0.00000
        -0.98800         0.00000
        -0.98740         0.00000
        -0.98680         0.00000
        -0.98620         0.00000
        -0.98560         0.00000
        -0.98500         0.00000
        -0.98440         0.00000
        -0.98380         0.00000
        -0.98320         0.00000
        -0.98260         0.00000
        -0.98200         0.00000
        -0.98140         0.00000
        -0.98080         0.00000
        -0.98020         0.00000
        -0.97960         0.00000
        -0.97900         0.00000
        -0.97840         0.00000
        -0.97780         0.00000
        -0.97720         0.00000
        -0.97660         0.00000
        -0.97600         0.00000
        -0.97540         0.00000
        -0.97480         0.00000
        -0.97420         0.00000
        -0.97360         0.00000
        -0.97300         0.00000
        -0.97240         0.00000
        -0.97180         0.00000
        -0.97120         0.00000
        -0.97060         0.00000
        -0.97000         0.00000
        -0.96940         0.00000
        -0.96880         0.00000
        -0.96820         0.00000
        -0.96760         0.00000
        -0.96700         0.00000
        -0.96640         0.00000
        -0.96580         0.00000
        -0.96520         0.00000
        -0.96460         0.00000
        -0.96400         0.00000
        -0.96340         0.00000
        -0.96280         0.00000
        -0.96220         0.00000
        -0.96160         0.00000
        -0.96100         0.00000
        -0.96039         0.00000
        -0.95979         0.00000
        -0.95919         0.00000
        -0.95859         0.00000
        -0.95799         0.00000
        -0.95739         0.00000
        -0.95679         0.00000
        -0.95619         0.00000
        -0.95559         0.00000
        -0.95499         0.00000
        -0.95439         0.00000
        -0.95379         0.00000
        -0.95319         0.00000
        -0.95259         0.00000
        -0.95199         0.00000
        -0.95139         0.00000
        -0.95079         0.00000
        -0.95019         0.00000
        -0.94959         0.00000
        -0.94899         0.00000
        -0.94839         0.00000
        -0.94779         0.00000
        -0.94719         0.00000
        -0.94659         0.00000
        -0.94599         0.00000
        -0.94539         0.00000
        -0.94479         0.00000
        -0.94419         0.00000
        -0.94359         0.00000
        -0.94299         0.00000
        -0.94239         0.00000
        -0.94179         0.00000
        -0.94119         0.00000
        -0.94059         0.00000
        -0.93999         0.00000
        -0.93939         0.00000
        -0.93879         0.00000
        -0.93819         0.00000
        -0.93759         0.00000
        -0.93699         0.00000
        -0.93639         0.00000
        -0.93579         0.00000
        -0.93519         0.00000
        -0.93459         0.00000
        -0.93399         0.00000
        -0.93339         0.00000
        -0.93279         0.00000
        -0.93219         0.00000
        -0.93159         0.00000
        -0.93099         0.00000
        -0.93039         0.00000
        -0.92979         0.00000
        -0.92919         0.00000
        -0.92859         0.00000
        -0.92799         0.00000
        -0.92739         0.00000
        -0.92679         0.00000
        -0.92619         0.00000
        -0.92559         0.00000
        -0.92499         0.00000
        -0.92439         0.00000
        -0.92379         0.00000
        -0.92319         0.00000
        -0.92259         0.00000
        -0.92199         0.00000
        -0.92139         0.00000
        -0.92079         0.00000
        -0.92019         0.00000
        -0.91959         0.00000
        -0.91899         0.00000
        -0.91839         0.00000
        -0.91779         0.00000
        -0.91719         0.00000
        -0.91659         0.00000
        -0.91599         0.00000
        -0.91539         0.00000
        -0.91479         0.00000
        -0.91419         0.00000
        -0.91359         0.00000
        -0.91299         0.00000
        -0.91239         0.00000
        -0.91179         0.00000
        -0.91119         0.00000
        -0.91059         0.00000
        -0.90999         0.00000
        -0.90939         0.00000
        -0.90879         0.00000
        -0.90819         0.00000
        -0.90759         0.00000
        -0.90699         0.00000
        -0.90639         0.00000
        -0.90579         0.00000
        -0.90519         0.00000
        -0.90459         0.00000
        -0.90399         0.00000
        -0.90339         0.00000
        -0.90279         0.00000
        -0.90219         0.00000
        -0.90159         0.00000
        -0.90099         0.00000
        -0.90039         0.00000
        -0.89979         0.00000
        -0.89919         0.00000
        -0.89859         0.00000
        -0.89799         0.00000
        -0.89739         0.00000
        -0.89679         0.00000
        -0.89619         0.00000
        -0.89559         0.00000
        -0.89499         0.00000
        -0.89439         0.00000
        -0.89379         0.00000
        -0.89319         0.00000
        -0.89259         0.00000
        -0.89199         0.00000
        -0.89139         0.00000
        -0.89079         0.00000
        -0.89019         0.00000
        -0.88959         0.00000
        -0.88899         0.00000
        -0.88839         0.00000
        -0.88779         0.00000
        -0.88719         0.00000
        -0.88659         0.00000
        -0.88599         0.00000
        -0.88539         0.00000
        -0.88479         0.00000
        -0.88419         0.00000
        -0.88359         0.00000
        -0.88299         0.00000
        -0.88239         0.00000
        -0.88179         0.00000
        -0.88118         0.00000
        -0.88058         0.00000
        -0.87998         0.00000
        -0.87938         0.00000
        -0.87878         0.00000
        -0.87818         0.00000
        -0.87758         0.00000
        -0.87698         0.00000
        -0.87638         0.00000
        -0.87578         0.00000
        -0.87518         0.00000
        -0.87458         0.00000
        -0.87398         0.00000
        -0.87338         0.00000
        -0.87278         0.00000
        -0.87218         0.00000
        -0.87158         0.00000
        -0.87098         0.00000
        -0.87038         0.00000
        -0.86978         0.00000
        -0.86918         0.00000
        -0.86858         0.00000
        -0.86798         0.00000
        -0.86738         0.00000
        -0.86678         0.00000
        -0.86618         0.00000
        -0.86558         0.00000
        -0.86498         0.00000
        -0.86438         0.00000
        -0.86378         0.00000
        -0.86318         0.00000
        -0.86258         0.00000
        -0.86198         0.00000
        -0.86138         0.00000
        -0.86078         0.00000
        -0.86018         0.00000
        -0.85958         0.00000
        -0.85898         0.00000
        -0.85838         0.00000
        -0.85778         0.00000
        -0.85718         0.00000
        -0.85658         0.00000
        -0.85598         0.00000
        -0.85538         0.00000
        -0.85478         0.00000
        -0.85418         0.00000
        -0.85358         0.00000
        -0.85298         0.00000
        -0.85238         0.00000
        -0.85178         0.00000
        -0.85118         0.00000
        -0.85058         0.00000
        -0.84998         0.00000
        -0.84938         0.00000
        -0.84878         0.00000
        -0.84818         0.00000
        -0.84758         0.00000
        -0.84698         0.00000
        -0.84638         0.00000
        -0.84578         0.00000
        -0.84518         0.00000
        -0.84458         0.00000
        -0.84398         0.00000
        -0.84338         0.00000
        -0.84278         0.00000
        -0.84218         0.00000
        -0.84158         0.00000
        -0.84098         0.00000
        -0.84038         0.00000
        -0.83978         0.00000
        -0.83918         0.00000
        -0.83858         0.00000
        -0.83798         0.00000
        -0.83738         0.00000
        -0.83678         0.00000
        -0.83618         0.00000
        -0.83558         0.00000
        -0.83498         0.00000
        -0.83438         0.00000
        -0.83378         0.00000
        -0.83318         0.00000
        -0.83258         0.00000
        -0.83198         0.00000
        -0.83138         0.00000
        -0.83078         0.00000
        -0.83018         0.00000
        -0.82958         0.00000
        -0.82898         0.00000
        -0.82838         0.00000
        -0.82778         0.00000
        -0.82718         0.00000
        -0.82658         0.00000
        -0.82598         0.00000
        -0.82538         0.00000
        -0.82478         0.00000
        -0.82418         0.00000
        -0.82358         0.00000
        -0.82298         0.00000
        -0.82238         0.00000
        -0.82178         0.00000
        -0.82118         0.00000
        -0.82058         0.00000
        -0.81998         0.00000
        -0.81938         0.00000
        -0.81878         0.00000
        -0.81818         0.00000
        -0.81758         0.00000
        -0.81698         0.00000
        -0.81638         0.00000
        -0.81578         0.00000
        -0.81518         0.00000
        -0.81458         0.00000
        -0.81398         0.00000
        -0.81338         0.00000
        -0.81278         0.00000
        -0.81218         0.00000
        -0.81158         0.00000
        -0.81098         0.00000
        -0.81038         0.00000
        -0.80978         0.00000
        -0.80918         0.00000
        -0.80858         0.00000
        -0.80798         0.00000
        -0.80738         0.00000
        -0.80678         0.00000
        -0.80618         0.00000
        -0.80558         0.00000
        -0.80498         0.00000
        -0.80438         0.00000
        -0.80378         0.00000
        -0.80318         0.00000
        -0.80257         0.00000
        -0.80197         0.00000
        -0.80137         0.00000
        -0.80077         0.00000
        -0.80017         0.00000
        -0.79957         0.00000
        -0.79897         0.00000
        -0.79837         0.00000
        -0.79777         0.00000
        -0.79717         0.00000
        -0.79657         0.00000
        -0.79597        -0.00000
        -0.79537        -0.00000
        -0.79477        -0.00000
        -0.79417        -0.00000
        -0.79357        -0.00000
        -0.79297        -0.00000
        -0.79237        -0.00000
        -0.79177         0.00001
        -0.79117         0.00001
        -0.79057         0.00002
        -0.78997         0.00002
        -0.78937         0.00003
        -0.78877         0.00003
        -0.78817         0.00004
        -0.78757         0.00004
        -0.78697         0.00005
        -0.78637         0.00006
        -0.78577         0.00007
        -0.78517         0.00008
        -0.78457         0.00009
        -0.78397         0.00010
        -0.78337         0.00012
        -0.78277         0.00013
        -0.78217         0.00015
        -0.78157         0.00017
        -0.78097         0.00019
        -0.78037         0.00022
        -0.77977         0.00025
        -0.77917         0.00028
        -0.77857         0.00032
        -0.77797         0.00036
        -0.77737         0.00041
        -0.77677         0.00047
        -0.77617         0.00055
        -0.77557         0.00074
        -0.77497         0.00064
        -0.77437         0.00075
        -0.77377         0.00087
        -0.77317         0.00099
        -0.77257         0.00114
        -0.77197         0.00131
        -0.77137         0.00150
        -0.77077         0.00173
        -0.77017         0.00199
        -0.76957         0.00229
        -0.76897         0.00266
        -0.76837         0.00308
        -0.76777         0.00358
        -0.76717         0.00417
        -0.76657         0.00487
        -0.76597         0.00570
        -0.76537         0.00670
        -0.76477         0.00789
        -0.76417         0.00933
        -0.76357         0.01108
        -0.76297         0.01321
        -0.76237         0.01583
        -0.76177         0.01905
        -0.76117         0.02306
        -0.76057         0.02806
        -0.75997         0.03436
        -0.75937         0.04235
        -0.75877         0.05254
        -0.75817         0.06563
        -0.75757         0.08254
        -0.75697         0.10444
        -0.75637         0.13280
        -0.75577         0.16928
        -0.75517         0.21542
        -0.75457         0.27196
        -0.75397         0.33749
        -0.75337         0.41072
        -0.75277         0.48174
        -0.75217         0.52735
        -0.75157         0.55137
        -0.75097         0.55161
        -0.75037         0.53326
        -0.74977         0.50402
        -0.74917         0.47064
        -0.74857         0.43761
        -0.74797         0.40734
        -0.74737         0.38085
        -0.74677         0.35836
        -0.74617         0.33971
        -0.74557         0.32458
        -0.74497         0.31262
        -0.74437         0.30317
        -0.74377         0.29742
        -0.74317         0.29438
        -0.74257         0.29256
        -0.74197         0.29355
        -0.74137         0.29721
        -0.74077         0.30382
        -0.74017         0.31386
        -0.73957         0.32806
        -0.73897         0.34750
        -0.73837         0.37372
        -0.73777         0.40879
        -0.73717         0.45533
        -0.73657         0.51606
        -0.73597         0.59253
        -0.73537         0.68230
        -0.73477         0.78313
        -0.73417         0.86097
        -0.73357         0.90970
        -0.73297         0.92353
        -0.73237         0.91089
        -0.73177         0.88537
        -0.73117         0.85787
        -0.73057         0.83440
        -0.72997         0.81735
        -0.72937         0.80710
        -0.72877         0.80313
        -0.72817         0.80465
        -0.72757         0.81079
        -0.72697         0.82075
        -0.72637         0.83380
        -0.72577         0.84930
        -0.72517         0.86705
        -0.72457         0.88567
        -0.72397         0.90515
        -0.72336         0.92509
        -0.72276         0.94510
        -0.72216         0.96481
        -0.72156         0.98397
        -0.72096         1.00236
        -0.72036         1.01984
        -0.71976         1.03634
        -0.71916         1.05187
        -0.71856         1.06650
        -0.71796         1.08035
        -0.71736         1.09360
        -0.71676         1.10646
        -0.71616         1.11917
        -0.71556         1.13197
        -0.71496         1.14510
        -0.71436         1.15878
        -0.71376         1.17318
        -0.71316         1.18845
        -0.71256         1.20466
        -0.71196         1.22181
        -0.71136         1.23984
        -0.71076         1.25857
        -0.71016         1.27776
        -0.70956         1.29708
        -0.70896         1.31611
        -0.70836         1.33439
        -0.70776         1.35143
        -0.70716         1.36672
        -0.70656         1.37981
        -0.70596         1.39032
        -0.70536         1.39794
        -0.70476         1.40253
        -0.70416         1.40404
        -0.70356         1.40258
        -0.70296         1.39836
        -0.70236         1.39168
        -0.70176         1.38293
        -0.70116         1.37250
        -0.70056         1.36084
        -0.69996         1.34835
        -0.69936         1.33542
        -0.69876         1.32239
        -0.69816         1.30959
        -0.69756         1.29725
        -0.69696         1.28561
        -0.69636         1.27482
        -0.69576         1.26504
        -0.69516         1.25635
        -0.69456         1.24884
        -0.69396         1.24256
        -0.69336         1.23754
        -0.69276         1.23380
        -0.69216         1.23135
        -0.69156         1.23019
        -0.69096         1.23030
        -0.69036         1.23167
        -0.68976         1.23429
        -0.68916         1.23813
        -0.68856         1.24317
        -0.68796         1.24939
        -0.68736         1.25677
        -0.68676         1.26528
        -0.68616         1.27488
        -0.68556         1.28557
        -0.68496         1.29731
        -0.68436         1.31008
        -0.68376         1.32384
        -0.68316         1.33856
        -0.68256         1.35423
        -0.68196         1.37081
        -0.68136         1.38826
        -0.68076         1.40656
        -0.68016         1.42566
        -0.67956         1.44554
        -0.67896         1.46614
        -0.67836         1.48744
        -0.67776         1.50938
        -0.67716         1.53192
        -0.67656         1.55502
        -0.67596         1.57861
        -0.67536         1.60266
        -0.67476         1.62710
        -0.67416         1.65187
        -0.67356         1.67691
        -0.67296         1.70217
        -0.67236         1.72758
        -0.67176         1.75306
        -0.67116         1.77855
        -0.67056         1.80399
        -0.66996         1.82928
        -0.66936         1.85437
        -0.66876         1.87917
        -0.66816         1.90361
        -0.66756         1.92760
        -0.66696         1.95106
        -0.66636         1.97391
        -0.66576         1.99606
        -0.66516         2.01743
        -0.66456         2.03793
        -0.66396         2.05749
        -0.66336         2.07601
        -0.66276         2.09342
        -0.66216         2.10964
        -0.66156         2.12461
        -0.66096         2.13825
        -0.66036         2.15052
        -0.65976         2.16136
        -0.65916         2.17073
        -0.65856         2.17862
        -0.65796         2.18500
        -0.65736         2.18988
        -0.65676         2.19327
        -0.65616         2.19520
        -0.65556         2.19569
        -0.65496         2.19482
        -0.65436         2.19264
        -0.65376         2.18922
        -0.65316         2.18464
        -0.65256         2.17901
        -0.65196         2.17241
        -0.65136         2.16495
        -0.65076         2.15674
        -0.65016         2.14787
        -0.64956         2.13846
        -0.64896         2.12861
        -0.64836         2.11842
        -0.64776         2.10799
        -0.64716         2.09742
        -0.64656         2.08680
        -0.64596         2.07620
        -0.64536         2.06571
        -0.64475         2.05540
        -0.64415         2.04534
        -0.64355         2.03558
        -0.64295         2.02619
        -0.64235         2.01721
        -0.64175         2.00868
        -0.64115         2.00065
        -0.64055         1.99315
        -0.63995         1.98621
        -0.63935         1.97986
        -0.63875         1.97412
        -0.63815         1.96901
        -0.63755         1.96455
        -0.63695         1.96074
        -0.63635         1.95761
        -0.63575         1.95516
        -0.63515         1.95339
        -0.63455         1.95233
        -0.63395         1.95196
        -0.63335         1.95230
        -0.63275         1.95334
        -0.63215         1.95509
        -0.63155         1.95755
        -0.63095         1.96071
        -0.63035         1.96458
        -0.62975         1.96916
        -0.62915         1.97444
        -0.62855         1.98042
        -0.62795         1.98710
        -0.62735         1.99448
        -0.62675         2.00255
        -0.62615         2.01131
        -0.62555         2.02075
        -0.62495         2.03088
        -0.62435         2.04169
        -0.62375         2.05317
        -0.62315         2.06531
        -0.62255         2.07812
        -0.62195         2.09159
        -0.62135         2.10571
        -0.62075         2.12047
        -0.62015         2.13587
        -0.61955         2.15190
        -0.61895         2.16855
        -0.61835         2.18581
        -0.61775         2.20367
        -0.61715         2.22212
        -0.61655         2.24114
        -0.61595         2.26073
        -0.61535         2.28087
        -0.61475         2.30154
        -0.61415         2.32272
        -0.61355         2.34440
        -0.61295         2.36655
        -0.61235         2.38916
        -0.61175         2.41220
        -0.61115         2.43564
        -0.61055         2.45946
        -0.60995         2.48362
        -0.60935         2.50810
        -0.60875         2.53287
        -0.60815         2.55787
        -0.60755         2.58309
        -0.60695         2.60848
        -0.60635         2.63399
        -0.60575         2.65958
        -0.60515         2.68520
        -0.60455         2.71082
        -0.60395         2.73637
        -0.60335         2.76181
        -0.60275         2.78708
        -0.60215         2.81212
        -0.60155         2.83689
        -0.60095         2.86133
        -0.60035         2.88537
        -0.59975         2.90897
        -0.59915         2.93206
        -0.59855         2.95458
        -0.59795         2.97650
        -0.59735         2.99774
        -0.59675         3.01825
        -0.59615         3.03799
        -0.59555         3.05692
        -0.59495         3.07497
        -0.59435         3.09212
        -0.59375         3.10833
        -0.59315         3.12356
        -0.59255         3.13779
        -0.59195         3.15099
        -0.59135         3.16314
        -0.59075         3.17424
        -0.59015         3.18427
        -0.58955         3.19323
        -0.58895         3.20113
        -0.58835         3.20797
        -0.58775         3.21377
        -0.58715         3.21854
        -0.58655         3.22232
        -0.58595         3.22512
        -0.58535         3.22699
        -0.58475         3.22795
        -0.58415         3.22805
        -0.58355         3.22734
        -0.58295         3.22585
        -0.58235         3.22363
        -0.58175         3.22075
        -0.58115         3.21724
        -0.58055         3.21316
        -0.57995         3.20857
        -0.57935         3.20351
        -0.57875         3.19805
        -0.57815         3.19223
        -0.57755         3.18611
        -0.57695         3.17974
        -0.57635         3.17318
        -0.57575         3.16646
        -0.57515         3.15964
        -0.57455         3.15276
        -0.57395         3.14588
        -0.57335         3.13903
        -0.57275         3.13225
        -0.57215         3.12558
        -0.57155         3.11907
        -0.57095         3.11274
        -0.57035         3.10662
        -0.56975         3.10076
        -0.56915         3.09517
        -0.56855         3.08989
        -0.56795         3.08494
        -0.56735         3.08034
        -0.56675         3.07612
        -0.56614         3.07230
        -0.56554         3.06890
        -0.56494         3.06593
        -0.56434         3.06341
        -0.56374         3.06135
        -0.56314         3.05978
        -0.56254         3.05869
        -0.56194         3.05811
        -0.56134         3.05804
        -0.56074         3.05850
        -0.56014         3.05948
        -0.55954         3.06100
        -0.55894         3.06307
        -0.55834         3.06569
        -0.55774         3.06886
        -0.55714         3.07259
        -0.55654         3.07689
        -0.55594         3.08176
        -0.55534         3.08720
        -0.55474         3.09322
        -0.55414         3.09981
        -0.55354         3.10699
        -0.55294         3.11474
        -0.55234         3.12308
        -0.55174         3.13200
        -0.55114         3.14150
        -0.55054         3.15159
        -0.54994         3.16226
        -0.54934         3.17352
        -0.54874         3.18536
        -0.54814         3.19779
        -0.54754         3.21080
        -0.54694         3.22440
        -0.54634         3.23857
        -0.54574         3.25333
        -0.54514         3.26867
        -0.54454         3.28458
        -0.54394         3.30108
        -0.54334         3.31814
        -0.54274         3.33578
        -0.54214         3.35399
        -0.54154         3.37277
        -0.54094         3.39211
        -0.54034         3.41202
        -0.53974         3.43248
        -0.53914         3.45349
        -0.53854         3.47506
        -0.53794         3.49717
        -0.53734         3.51982
        -0.53674         3.54300
        -0.53614         3.56671
        -0.53554         3.59094
        -0.53494         3.61568
        -0.53434         3.64093
        -0.53374         3.66667
        -0.53314         3.69290
        -0.53254         3.71961
        -0.53194         3.74677
        -0.53134         3.77439
        -0.53074         3.80245
        -0.53014         3.83093
        -0.52954         3.85982
        -0.52894         3.88909
        -0.52834         3.91874
        -0.52774         3.94875
        -0.52714         3.97908
        -0.52654         4.00973
        -0.52594         4.04066
        -0.52534         4.07186
        -0.52474         4.10329
        -0.52414         4.13493
        -0.52354         4.16675
        -0.52294         4.19872
        -0.52234         4.23081
        -0.52174         4.26299
        -0.52114         4.29521
        -0.52054         4.32746
        -0.51994         4.35968
        -0.51934         4.39185
        -0.51874         4.42392
        -0.51814         4.45586
        -0.51754         4.48762
        -0.51694         4.51917
        -0.51634         4.55047
        -0.51574         4.58147
        -0.51514         4.61214
        -0.51454         4.64243
        -0.51394         4.67231
        -0.51334         4.70173
        -0.51274         4.73066
        -0.51214         4.75907
        -0.51154         4.78691
        -0.51094         4.81415
        -0.51034         4.84076
        -0.50974         4.86671
        -0.50914         4.89198
        -0.50854         4.91653
        -0.50794         4.94035
        -0.50734         4.96341
        -0.50674         4.98569
        -0.50614         5.00719
        -0.50554         5.02789
        -0.50494         5.04779
        -0.50434         5.06688
        -0.50374         5.08515
        -0.50314         5.10262
        -0.50254         5.11928
        -0.50194         5.13515
        -0.50134         5.15024
        -0.50074         5.16457
        -0.50014         5.17814
        -0.49954         5.19099
        -0.49894         5.20314
        -0.49834         5.21462
        -0.49774         5.22545
        -0.49714         5.23567
        -0.49654         5.24531
        -0.49594         5.25441
        -0.49534         5.26301
        -0.49474         5.27114
        -0.49414         5.27886
        -0.49354         5.28620
        -0.49294         5.29320
        -0.49234         5.29992
        -0.49174         5.30639
        -0.49114         5.31267
        -0.49054         5.31881
        -0.48994         5.32484
        -0.48934         5.33082
        -0.48874         5.33680
        -0.48814         5.34282
        -0.48754         5.34894
        -0.48693         5.35519
        -0.48633         5.36164
        -0.48573         5.36832
        -0.48513         5.37529
        -0.48453         5.38258
        -0.48393         5.39025
        -0.48333         5.39834
        -0.48273         5.40690
        -0.48213         5.41597
        -0.48153         5.42559
        -0.48093         5.43580
        -0.48033         5.44666
        -0.47973         5.45820
        -0.47913         5.47047
        -0.47853         5.48349
        -0.47793         5.49732
        -0.47733         5.51200
        -0.47673         5.52755
        -0.47613         5.54403
        -0.47553         5.56147
        -0.47493         5.57991
        -0.47433         5.59938
        -0.47373         5.61992
        -0.47313         5.64157
        -0.47253         5.66437
        -0.47193         5.68836
        -0.47133         5.71356
        -0.47073         5.74002
        -0.47013         5.76777
        -0.46953         5.79685
        -0.46893         5.82729
        -0.46833         5.85914
        -0.46773         5.89242
        -0.46713         5.92718
        -0.46653         5.96345
        -0.46593         6.00128
        -0.46533         6.04069
        -0.46473         6.08173
        -0.46413         6.12443
        -0.46353         6.16884
        -0.46293         6.21499
        -0.46233         6.26293
        -0.46173         6.31270
        -0.46113         6.36434
        -0.46053         6.41788
        -0.45993         6.47338
        -0.45933         6.53087
        -0.45873         6.59041
        -0.45813         6.65203
        -0.45753         6.71579
        -0.45693         6.78172
        -0.45633         6.84988
        -0.45573         6.92031
        -0.45513         6.99306
        -0.45453         7.06817
        -0.45393         7.14570
        -0.45333         7.22570
        -0.45273         7.30821
        -0.45213         7.39328
        -0.45153         7.48097
        -0.45093         7.57131
        -0.45033         7.66435
        -0.44973         7.76014
        -0.44913         7.85874
        -0.44853         7.96017
        -0.44793         8.06448
        -0.44733         8.17171
        -0.44673         8.28190
        -0.44613         8.39508
        -0.44553         8.51128
        -0.44493         8.63054
        -0.44433         8.75287
        -0.44373         8.87829
        -0.44313         9.00681
        -0.44253         9.13845
        -0.44193         9.27320
        -0.44133         9.41106
        -0.44073         9.55202
        -0.44013         9.69606
        -0.43953         9.84315
        -0.43893         9.99326
        -0.43833        10.14634
        -0.43773        10.30234
        -0.43713        10.46121
        -0.43653        10.62287
        -0.43593        10.78724
        -0.43533        10.95424
        -0.43473        11.12376
        -0.43413        11.29571
        -0.43353        11.46997
        -0.43293        11.64642
        -0.43233        11.82493
        -0.43173        12.00537
        -0.43113        12.18759
        -0.43053        12.37146
        -0.42993        12.55681
        -0.42933        12.74350
        -0.42873        12.93138
        -0.42813        13.12027
        -0.42753        13.31003
        -0.42693        13.50050
        -0.42633        13.69151
        -0.42573        13.88292
        -0.42513        14.07456
        -0.42453        14.26629
        -0.42393        14.45794
        -0.42333        14.64939
        -0.42273        14.84047
        -0.42213        15.03106
        -0.42153        15.22102
        -0.42093        15.41021
        -0.42033        15.59850
        -0.41973        15.78576
        -0.41913        15.97188
        -0.41853        16.15673
        -0.41793        16.34019
        -0.41733        16.52215
        -0.41673        16.70251
        -0.41613        16.88116
        -0.41553        17.05800
        -0.41493        17.23296
        -0.41433        17.40595
        -0.41373        17.57691
        -0.41313        17.74579
        -0.41253        17.91255
        -0.41193        18.07718
        -0.41133        18.23969
        -0.41073        18.40011
        -0.41013        18.55850
        -0.40953        18.71496
        -0.40893        18.86960
        -0.40832        19.02258
        -0.40772        19.17411
        -0.40712        19.32440
        -0.40652        19.47372
        -0.40592        19.62239
        -0.40532        19.77073
        -0.40472        19.91913
        -0.40412        20.06797
        -0.40352        20.21770
        -0.40292        20.36875
        -0.40232        20.52159
        -0.40172        20.67669
        -0.40112        20.83454
        -0.40052        20.99561
        -0.39992        21.16035
        -0.39932        21.32921
        -0.39872        21.50260
        -0.39812        21.68091
        -0.39752        21.86447
        -0.39692        22.05355
        -0.39632        22.24837
        -0.39572        22.44907
        -0.39512        22.65574
        -0.39452        22.86833
        -0.39392        23.08675
        -0.39332        23.31076
        -0.39272        23.54005
        -0.39212        23.77418
        -0.39152        24.01260
        -0.39092        24.25463
        -0.39032        24.49950
        -0.38972        24.74630
        -0.38912        24.99402
        -0.38852        25.24157
        -0.38792        25.48774
        -0.38732        25.73127
        -0.38672        25.97083
        -0.38612        26.20508
        -0.38552        26.43263
        -0.38492        26.65215
        -0.38432        26.86232
        -0.38372        27.06190
        -0.38312        27.24975
        -0.38252        27.42486
        -0.38192        27.58633
        -0.38132        27.73348
        -0.38072        27.86579
        -0.38012        27.98291
        -0.37952        28.08475
        -0.37892        28.17136
        -0.37832        28.24304
        -0.37772        28.30024
        -0.37712        28.34362
        -0.37652        28.37397
        -0.37592        28.39224
        -0.37532        28.39947
        -0.37472        28.39681
        -0.37412        28.38547
        -0.37352        28.36671
        -0.37292        28.34180
        -0.37232        28.31203
        -0.37172        28.27865
        -0.37112        28.24289
        -0.37052        28.20594
        -0.36992        28.16891
        -0.36932        28.13287
        -0.36872        28.09882
        -0.36812        28.06765
        -0.36752        28.04021
        -0.36692        28.01726
        -0.36632        27.99947
        -0.36572        27.98746
        -0.36512        27.98175
        -0.36452        27.98280
        -0.36392        27.99101
        -0.36332        28.00671
        -0.36272        28.03018
        -0.36212        28.06164
        -0.36152        28.10126
        -0.36092        28.14915
        -0.36032        28.20541
        -0.35972        28.27007
        -0.35912        28.34314
        -0.35852        28.42459
        -0.35792        28.51436
        -0.35732        28.61238
        -0.35672        28.71853
        -0.35612        28.83268
        -0.35552        28.95469
        -0.35492        29.08438
        -0.35432        29.22158
        -0.35372        29.36609
        -0.35312        29.51770
        -0.35252        29.67620
        -0.35192        29.84136
        -0.35132        30.01295
        -0.35072        30.19075
        -0.35012        30.37451
        -0.34952        30.56400
        -0.34892        30.75899
        -0.34832        30.95925
        -0.34772        31.16455
        -0.34712        31.37469
        -0.34652        31.58944
        -0.34592        31.80862
        -0.34532        32.03204
        -0.34472        32.25953
        -0.34412        32.49092
        -0.34352        32.72608
        -0.34292        32.96487
        -0.34232        33.20718
        -0.34172        33.45292
        -0.34112        33.70201
        -0.34052        33.95439
        -0.33992        34.21000
        -0.33932        34.46881
        -0.33872        34.73080
        -0.33812        34.99596
        -0.33752        35.26431
        -0.33692        35.53584
        -0.33632        35.81058
        -0.33572        36.08856
        -0.33512        36.36982
        -0.33452        36.65438
        -0.33392        36.94228
        -0.33332        37.23357
        -0.33272        37.52827
        -0.33212        37.82641
        -0.33152        38.12803
        -0.33092        38.43314
        -0.33032        38.74176
        -0.32972        39.05389
        -0.32911        39.36952
        -0.32851        39.68864
        -0.32791        40.01123
        -0.32731        40.33727
        -0.32671        40.66670
        -0.32611        40.99948
        -0.32551        41.33554
        -0.32491        41.67484
        -0.32431        42.01728
        -0.32371        42.36279
        -0.32311        42.71129
        -0.32251        43.06268
        -0.32191        43.41687
        -0.32131        43.77377
        -0.32071        44.13327
        -0.32011        44.49526
        -0.31951        44.85963
        -0.31891        45.22626
        -0.31831        45.59504
        -0.31771        45.96583
        -0.31711        46.33849
        -0.31651        46.71286
        -0.31591        47.08877
        -0.31531        47.46604
        -0.31471        47.84445
        -0.31411        48.22377
        -0.31351        48.60373
        -0.31291        48.98404
        -0.31231        49.36437
        -0.31171        49.74435
        -0.31111        50.12355
        -0.31051        50.50154
        -0.30991        50.87780
        -0.30931        51.25178
        -0.30871        51.62289
        -0.30811        51.99046
        -0.30751        52.35382
        -0.30691        52.71220
        -0.30631        53.06482
        -0.30571        53.41084
        -0.30511        53.74937
        -0.30451        54.07952
        -0.30391        54.40031
        -0.30331        54.71079
        -0.30271        55.00996
        -0.30211        55.29680
        -0.30151        55.57030
        -0.30091        55.82943
        -0.30031        56.07319
        -0.29971        56.30058
        -0.29911        56.51062
        -0.29851        56.70237
        -0.29791        56.87493
        -0.29731        57.02745
        -0.29671        57.15912
        -0.29611        57.26921
        -0.29551        57.35705
        -0.29491        57.42206
        -0.29431        57.46372
        -0.29371        57.48161
        -0.29311        57.47541
        -0.29251        57.44486
        -0.29191        57.38984
        -0.29131        57.31030
        -0.29071        57.20628
        -0.29011        57.07793
        -0.28951        56.92549
        -0.28891        56.74930
        -0.28831        56.54977
        -0.28771        56.32741
        -0.28711        56.08280
        -0.28651        55.81659
        -0.28591        55.52950
        -0.28531        55.22231
        -0.28471        54.89586
        -0.28411        54.55103
        -0.28351        54.18874
        -0.28291        53.80995
        -0.28231        53.41564
        -0.28171        53.00681
        -0.28111        52.58449
        -0.28051        52.14971
        -0.27991        51.70350
        -0.27931        51.24690
        -0.27871        50.78094
        -0.27811        50.30664
        -0.27751        49.82503
        -0.27691        49.33710
        -0.27631        48.84384
        -0.27571        48.34620
        -0.27511        47.84513
        -0.27451        47.34154
        -0.27391        46.83634
        -0.27331        46.33039
        -0.27271        45.82453
        -0.27211        45.31956
        -0.27151        44.81627
        -0.27091        44.31541
        -0.27031        43.81770
        -0.26971        43.32382
        -0.26911        42.83443
        -0.26851        42.35016
        -0.26791        41.87158
        -0.26731        41.39926
        -0.26671        40.93372
        -0.26611        40.47547
        -0.26551        40.02495
        -0.26491        39.58261
        -0.26431        39.14883
        -0.26371        38.72400
        -0.26311        38.30846
        -0.26251        37.90252
        -0.26191        37.50647
        -0.26131        37.12057
        -0.26071        36.74506
        -0.26011        36.38016
        -0.25951        36.02605
        -0.25891        35.68292
        -0.25831        35.35090
        -0.25771        35.03015
        -0.25711        34.72076
        -0.25651        34.42285
        -0.25591        34.13649
        -0.25531        33.86176
        -0.25471        33.59872
        -0.25411        33.34741
        -0.25351        33.10787
        -0.25291        32.88012
        -0.25231        32.66419
        -0.25171        32.46008
        -0.25111        32.26779
        -0.25050        32.08731
        -0.24990        31.91864
        -0.24930        31.76176
        -0.24870        31.61665
        -0.24810        31.48326
        -0.24750        31.36159
        -0.24690        31.25157
        -0.24630        31.15319
        -0.24570        31.06638
        -0.24510        30.99109
        -0.24450        30.92729
        -0.24390        30.87489
        -0.24330        30.83385
        -0.24270        30.80408
        -0.24210        30.78553
        -0.24150        30.77809
        -0.24090        30.78170
        -0.24030        30.79625
        -0.23970        30.82165
        -0.23910        30.85778
        -0.23850        30.90453
        -0.23790        30.96176
        -0.23730        31.02936
        -0.23670        31.10715
        -0.23610        31.19500
        -0.23550        31.29272
        -0.23490        31.40013
        -0.23430        31.51704
        -0.23370        31.64323
        -0.23310        31.77847
        -0.23250        31.92254
        -0.23190        32.07517
        -0.23130        32.23608
        -0.23070        32.40500
        -0.23010        32.58162
        -0.22950        32.76562
        -0.22890        32.95667
        -0.22830        33.15441
        -0.22770        33.35850
        -0.22710        33.56854
        -0.22650        33.78416
        -0.22590        34.00495
        -0.22530        34.23052
        -0.22470        34.46043
        -0.22410        34.69428
        -0.22350        34.93163
        -0.22290        35.17207
        -0.22230        35.41516
        -0.22170        35.66048
        -0.22110        35.90763
        -0.22050        36.15618
        -0.21990        36.40576
        -0.21930        36.65597
        -0.21870        36.90645
        -0.21810        37.15686
        -0.21750        37.40687
        -0.21690        37.65618
        -0.21630        37.90453
        -0.21570        38.15166
        -0.21510        38.39737
        -0.21450        38.64147
        -0.21390        38.88381
        -0.21330        39.12428
        -0.21270        39.36278
        -0.21210        39.59928
        -0.21150        39.83376
        -0.21090        40.06623
        -0.21030        40.29676
        -0.20970        40.52541
        -0.20910        40.75232
        -0.20850        40.97761
        -0.20790        41.20147
        -0.20730        41.42409
        -0.20670        41.64568
        -0.20610        41.86649
        -0.20550        42.08678
        -0.20490        42.30683
        -0.20430        42.52691
        -0.20370        42.74732
        -0.20310        42.96838
        -0.20250        43.19040
        -0.20190        43.41368
        -0.20130        43.63854
        -0.20070        43.86529
        -0.20010        44.09423
        -0.19950        44.32566
        -0.19890        44.55986
        -0.19830        44.79710
        -0.19770        45.03763
        -0.19710        45.28168
        -0.19650        45.52946
        -0.19590        45.78117
        -0.19530        46.03696
        -0.19470        46.29696
        -0.19410        46.56128
        -0.19350        46.82998
        -0.19290        47.10309
        -0.19230        47.38062
        -0.19170        47.66253
        -0.19110        47.94872
        -0.19050        48.23909
        -0.18990        48.53348
        -0.18930        48.83167
        -0.18870        49.13345
        -0.18810        49.43853
        -0.18750        49.74660
        -0.18690        50.05731
        -0.18630        50.37029
        -0.18570        50.68514
        -0.18510        51.00144
        -0.18450        51.31874
        -0.18390        51.63660
        -0.18330        51.95457
        -0.18270        52.27222
        -0.18210        52.58911
        -0.18150        52.90484
        -0.18090        53.21904
        -0.18030        53.53138
        -0.17970        53.84156
        -0.17910        54.14936
        -0.17850        54.45461
        -0.17790        54.75720
        -0.17730        55.05710
        -0.17670        55.35435
        -0.17610        55.64907
        -0.17550        55.94144
        -0.17490        56.23172
        -0.17430        56.52025
        -0.17370        56.80740
        -0.17310        57.09363
        -0.17250        57.37943
        -0.17190        57.66536
        -0.17129        57.95197
        -0.17069        58.23988
        -0.17009        58.52971
        -0.16949        58.82208
        -0.16889        59.11764
        -0.16829        59.41703
        -0.16769        59.72087
        -0.16709        60.02979
        -0.16649        60.34439
        -0.16589        60.66526
        -0.16529        60.99298
        -0.16469        61.32811
        -0.16409        61.67118
        -0.16349        62.02273
        -0.16289        62.38326
        -0.16229        62.75329
        -0.16169        63.13332
        -0.16109        63.52384
        -0.16049        63.92534
        -0.15989        64.33833
        -0.15929        64.76330
        -0.15869        65.20077
        -0.15809        65.65124
        -0.15749        66.11526
        -0.15689        66.59333
        -0.15629        67.08601
        -0.15569        67.59383
        -0.15509        68.11731
        -0.15449        68.65697
        -0.15389        69.21331
        -0.15329        69.78677
        -0.15269        70.37776
        -0.15209        70.98659
        -0.15149        71.61350
        -0.15089        72.25858
        -0.15029        72.92179
        -0.14969        73.60289
        -0.14909        74.30141
        -0.14849        75.01662
        -0.14789        75.74748
        -0.14729        76.49257
        -0.14669        77.25008
        -0.14609        78.01774
        -0.14549        78.79276
        -0.14489        79.57181
        -0.14429        80.35094
        -0.14369        81.12561
        -0.14309        81.89059
        -0.14249        82.64003
        -0.14189        83.36741
        -0.14129        84.06561
        -0.14069        84.72695
        -0.14009        85.34330
        -0.13949        85.90614
        -0.13889        86.40678
        -0.13829        86.83645
        -0.13769        87.18654
        -0.13709        87.44883
        -0.13649        87.61565
        -0.13589        87.68017
        -0.13529        87.63656
        -0.13469        87.48024
        -0.13409        87.20799
        -0.13349        86.81812
        -0.13289        86.31050
        -0.13229        85.68664
        -0.13169        84.94959
        -0.13109        84.10390
        -0.13049        83.15548
        -0.12989        82.11140
        -0.12929        80.97972
        -0.12869        79.76927
        -0.12809        78.48937
        -0.12749        77.14968
        -0.12689        75.75991
        -0.12629        74.32968
        -0.12569        72.86832
        -0.12509        71.38475
        -0.12449        69.88734
        -0.12389        68.38385
        -0.12329        66.88138
        -0.12269        65.38630
        -0.12209        63.90430
        -0.12149        62.44033
        -0.12089        60.99869
        -0.12029        59.58302
        -0.11969        58.19635
        -0.11909        56.84116
        -0.11849        55.51942
        -0.11789        54.23265
        -0.11729        52.98195
        -0.11669        51.76806
        -0.11609        50.59143
        -0.11549        49.45221
        -0.11489        48.35034
        -0.11429        47.28555
        -0.11369        46.25742
        -0.11309        45.26538
        -0.11249        44.30878
        -0.11189        43.38685
        -0.11129        42.49876
        -0.11069        41.64365
        -0.11009        40.82060
        -0.10949        40.02869
        -0.10889        39.26695
        -0.10829        38.53443
        -0.10769        37.83019
        -0.10709        37.15327
        -0.10649        36.50276
        -0.10589        35.87772
        -0.10529        35.27728
        -0.10469        34.70055
        -0.10409        34.14668
        -0.10349        33.61485
        -0.10289        33.10427
        -0.10229        32.61416
        -0.10169        32.14377
        -0.10109        31.69239
        -0.10049        31.25932
        -0.09989        30.84389
        -0.09929        30.44546
        -0.09869        30.06342
        -0.09809        29.69717
        -0.09749        29.34613
        -0.09689        29.00976
        -0.09629        28.68753
        -0.09569        28.37892
        -0.09509        28.08346
        -0.09449        27.80066
        -0.09389        27.53007
        -0.09329        27.27126
        -0.09268        27.02380
        -0.09208        26.78729
        -0.09148        26.56132
        -0.09088        26.34552
        -0.09028        26.13951
        -0.08968        25.94294
        -0.08908        25.75546
        -0.08848        25.57672
        -0.08788        25.40640
        -0.08728        25.24417
        -0.08668        25.08971
        -0.08608        24.94271
        -0.08548        24.80287
        -0.08488        24.66988
        -0.08428        24.54345
        -0.08368        24.42328
        -0.08308        24.30909
        -0.08248        24.20058
        -0.08188        24.09748
        -0.08128        23.99948
        -0.08068        23.90631
        -0.08008        23.81769
        -0.07948        23.73332
        -0.07888        23.65293
        -0.07828        23.57623
        -0.07768        23.50293
        -0.07708        23.43276
        -0.07648        23.36541
        -0.07588        23.30060
        -0.07528        23.23804
        -0.07468        23.17745
        -0.07408        23.11853
        -0.07348        23.06099
        -0.07288        23.00455
        -0.07228        22.94891
        -0.07168        22.89379
        -0.07108        22.83890
        -0.07048        22.78397
        -0.06988        22.72872
        -0.06928        22.67287
        -0.06868        22.61617
        -0.06808        22.55836
        -0.06748        22.49919
        -0.06688        22.43843
        -0.06628        22.37584
        -0.06568        22.31121
        -0.06508        22.24435
        -0.06448        22.17508
        -0.06388        22.10323
        -0.06328        22.02864
        -0.06268        21.95119
        -0.06208        21.87078
        -0.06148        21.78731
        -0.06088        21.70072
        -0.06028        21.61097
        -0.05968        21.51804
        -0.05908        21.42192
        -0.05848        21.32266
        -0.05788        21.22030
        -0.05728        21.11492
        -0.05668        21.00661
        -0.05608        20.89549
        -0.05548        20.78171
        -0.05488        20.66542
        -0.05428        20.54681
        -0.05368        20.42608
        -0.05308        20.30344
        -0.05248        20.17913
        -0.05188        20.05338
        -0.05128        19.92645
        -0.05068        19.79860
        -0.05008        19.67012
        -0.04948        19.54127
        -0.04888        19.41234
        -0.04828        19.28362
        -0.04768        19.15539
        -0.04708        19.02795
        -0.04648        18.90158
        -0.04588        18.77656
        -0.04528        18.65317
        -0.04468        18.53169
        -0.04408        18.41238
        -0.04348        18.29549
        -0.04288        18.18129
        -0.04228        18.07002
        -0.04168        17.96191
        -0.04108        17.85719
        -0.04048        17.75608
        -0.03988        17.65877
        -0.03928        17.56547
        -0.03868        17.47637
        -0.03808        17.39164
        -0.03748        17.31146
        -0.03688        17.23599
        -0.03628        17.16537
        -0.03568        17.09976
        -0.03508        17.03929
        -0.03448        16.98409
        -0.03388        16.93428
        -0.03328        16.88998
        -0.03268        16.85131
        -0.03208        16.81837
        -0.03148        16.79126
        -0.03088        16.77009
        -0.03028        16.75494
        -0.02968        16.74591
        -0.02908        16.74308
        -0.02848        16.74656
        -0.02788        16.75641
        -0.02728        16.77274
        -0.02668        16.79561
        -0.02608        16.82512
        -0.02548        16.86135
        -0.02488        16.90439
        -0.02428        16.95431
        -0.02368        17.01121
        -0.02308        17.07517
        -0.02248        17.14629
        -0.02188        17.22464
        -0.02128        17.31033
        -0.02068        17.40344
        -0.02008        17.50406
        -0.01948        17.61231
        -0.01888        17.72827
        -0.01828        17.85204
        -0.01768        17.98373
        -0.01708        18.12343
        -0.01648        18.27125
        -0.01588        18.42730
        -0.01528        18.59167
        -0.01468        18.76447
        -0.01408        18.94580
        -0.01347        19.13576
        -0.01287        19.33445
        -0.01227        19.54197
        -0.01167        19.75840
        -0.01107        19.98383
        -0.01047        20.21834
        -0.00987        20.46201
        -0.00927        20.71489
        -0.00867        20.97703
        -0.00807        21.24848
        -0.00747        21.52926
        -0.00687        21.81937
        -0.00627        22.11881
        -0.00567        22.42755
        -0.00507        22.74553
        -0.00447        23.07267
        -0.00387        23.40885
        -0.00327        23.75394
        -0.00267        24.10777
        -0.00207        24.47010
        -0.00147        24.84070
        -0.00087        25.21925
        -0.00027        25.60542
         0.00033        25.99881
         0.00093        26.39896
         0.00153        26.80538
         0.00213        27.21750
         0.00273        27.63471
         0.00333        28.05633
         0.00393        28.48162
         0.00453        28.90980
         0.00513        29.34000
         0.00573        29.77132
         0.00633        30.20281
         0.00693        30.63345
         0.00753        31.06221
         0.00813        31.48800
         0.00873        31.90972
         0.00933        32.32624
         0.00993        32.73643
         0.01053        33.13915
         0.01113        33.53330
         0.01173        33.91778
         0.01233        34.29154
         0.01293        34.65359
         0.01353        35.00297
         0.01413        35.33883
         0.01473        35.66038
         0.01533        35.96694
         0.01593        36.25791
         0.01653        36.53281
         0.01713        36.79129
         0.01773        37.03307
         0.01833        37.25804
         0.01893        37.46618
         0.01953        37.65758
         0.02013        37.83247
         0.02073        37.99117
         0.02133        38.13409
         0.02193        38.26177
         0.02253        38.37480
         0.02313        38.47388
         0.02373        38.55976
         0.02433        38.63326
         0.02493        38.69524
         0.02553        38.74661
         0.02613        38.78831
         0.02673        38.82131
         0.02733        38.84659
         0.02793        38.86514
         0.02853        38.87797
         0.02913        38.88605
         0.02973        38.89038
         0.03033        38.89193
         0.03093        38.89164
         0.03153        38.89046
         0.03213        38.88929
         0.03273        38.88903
         0.03333        38.89054
         0.03393        38.89466
         0.03453        38.90219
         0.03513        38.91391
         0.03573        38.93059
         0.03633        38.95295
         0.03693        38.98169
         0.03753        39.01750
         0.03813        39.06102
         0.03873        39.11288
         0.03933        39.17368
         0.03993        39.24402
         0.04053        39.32445
         0.04113        39.41551
         0.04173        39.51771
         0.04233        39.63156
         0.04293        39.75753
         0.04353        39.89607
         0.04413        40.04760
         0.04473        40.21254
         0.04533        40.39126
         0.04593        40.58409
         0.04653        40.79137
         0.04713        41.01335
         0.04773        41.25027
         0.04833        41.50232
         0.04893        41.76962
         0.04953        42.05223
         0.05013        42.35014
         0.05073        42.66326
         0.05133        42.99140
         0.05193        43.33426
         0.05253        43.69141
         0.05313        44.06229
         0.05373        44.44619
         0.05433        44.84219
         0.05493        45.24921
         0.05553        45.66591
         0.05613        46.09076
         0.05673        46.52191
         0.05733        46.95728
         0.05793        47.39445
         0.05853        47.83070
         0.05913        48.26296
         0.05973        48.68783
         0.06033        49.10157
         0.06093        49.50010
         0.06153        49.87903
         0.06213        50.23368
         0.06273        50.55913
         0.06333        50.85029
         0.06393        51.10194
         0.06453        51.30886
         0.06514        51.46591
         0.06574        51.56816
         0.06634        51.61102
         0.06694        51.59034
         0.06754        51.50259
         0.06814        51.34496
         0.06874        51.11545
         0.06934        50.81300
         0.06994        50.43756
         0.07054        49.99007
         0.07114        49.47254
         0.07174        48.88794
         0.07234        48.24019
         0.07294        47.53403
         0.07354        46.77493
         0.07414        45.96888
         0.07474        45.12231
         0.07534        44.24189
         0.07594        43.33436
         0.07654        42.40643
         0.07714        41.46458
         0.07774        40.51503
         0.07834        39.56358
         0.07894        38.61556
         0.07954        37.67580
         0.08014        36.74857
         0.08074        35.83761
         0.08134        34.94610
         0.08194        34.07670
         0.08254        33.23155
         0.08314        32.41236
         0.08374        31.62040
         0.08434        30.85655
         0.08494        30.12136
         0.08554        29.41509
         0.08614        28.73773
         0.08674        28.08907
         0.08734        27.46870
         0.08794        26.87609
         0.08854        26.31056
         0.08914        25.77135
         0.08974        25.25764
         0.09034        24.76853
         0.09094        24.30312
         0.09154        23.86045
         0.09214        23.43958
         0.09274        23.03957
         0.09334        22.65947
         0.09394        22.29836
         0.09454        21.95534
         0.09514        21.62953
         0.09574        21.32008
         0.09634        21.02616
         0.09694        20.74699
         0.09754        20.48180
         0.09814        20.22988
         0.09874        19.99052
         0.09934        19.76307
         0.09994        19.54689
         0.10054        19.34138
         0.10114        19.14598
         0.10174        18.96014
         0.10234        18.78334
         0.10294        18.61511
         0.10354        18.45496
         0.10414        18.30248
         0.10474        18.15724
         0.10534        18.01884
         0.10594        17.88692
         0.10654        17.76112
         0.10714        17.64111
         0.10774        17.52656
         0.10834        17.41718
         0.10894        17.31268
         0.10954        17.21279
         0.11014        17.11724
         0.11074        17.02580
         0.11134        16.93824
         0.11194        16.85432
         0.11254        16.77384
         0.11314        16.69660
         0.11374        16.62240
         0.11434        16.55107
         0.11494        16.48243
         0.11554        16.41630
         0.11614        16.35255
         0.11674        16.29100
         0.11734        16.23151
         0.11794        16.17396
         0.11854        16.11819
         0.11914        16.06408
         0.11974        16.01152
         0.12034        15.96038
         0.12094        15.91054
         0.12154        15.86191
         0.12214        15.81437
         0.12274        15.76782
         0.12334        15.72218
         0.12394        15.67734
         0.12454        15.63322
         0.12514        15.58973
         0.12574        15.54680
         0.12634        15.50434
         0.12694        15.46227
         0.12754        15.42054
         0.12814        15.37906
         0.12874        15.33778
         0.12934        15.29664
         0.12994        15.25557
         0.13054        15.21451
         0.13114        15.17343
         0.13174        15.13226
         0.13234        15.09096
         0.13294        15.04950
         0.13354        15.00782
         0.13414        14.96589
         0.13474        14.92367
         0.13534        14.88114
         0.13594        14.83827
         0.13654        14.79502
         0.13714        14.75139
         0.13774        14.70734
         0.13834        14.66285
         0.13894        14.61793
         0.13954        14.57254
         0.14014        14.52669
         0.14074        14.48036
         0.14134        14.43356
         0.14194        14.38627
         0.14254        14.33850
         0.14314        14.29025
         0.14375        14.24153
         0.14435        14.19234
         0.14495        14.14269
         0.14555        14.09259
         0.14615        14.04205
         0.14675        13.99109
         0.14735        13.93973
         0.14795        13.88797
         0.14855        13.83585
         0.14915        13.78337
         0.14975        13.73056
         0.15035        13.67744
         0.15095        13.62404
         0.15155        13.57037
         0.15215        13.51647
         0.15275        13.46236
         0.15335        13.40806
         0.15395        13.35360
         0.15455        13.29901
         0.15515        13.24431
         0.15575        13.18954
         0.15635        13.13471
         0.15695        13.07986
         0.15755        13.02501
         0.15815        12.97019
         0.15875        12.91543
         0.15935        12.86075
         0.15995        12.80618
         0.16055        12.75175
         0.16115        12.69747
         0.16175        12.64339
         0.16235        12.58950
         0.16295        12.53586
         0.16355        12.48246
         0.16415        12.42935
         0.16475        12.37653
         0.16535        12.32403
         0.16595        12.27187
         0.16655        12.22006
         0.16715        12.16863
         0.16775        12.11760
         0.16835        12.06697
         0.16895        12.01676
         0.16955        11.96700
         0.17015        11.91768
         0.17075        11.86883
         0.17135        11.82046
         0.17195        11.77258
         0.17255        11.72519
         0.17315        11.67831
         0.17375        11.63195
         0.17435        11.58610
         0.17495        11.54079
         0.17555        11.49602
         0.17615        11.45178
         0.17675        11.40809
         0.17735        11.36495
         0.17795        11.32236
         0.17855        11.28032
         0.17915        11.23884
         0.17975        11.19791
         0.18035        11.15753
         0.18095        11.11772
         0.18155        11.07845
         0.18215        11.03974
         0.18275        11.00157
         0.18335        10.96396
         0.18395        10.92688
         0.18455        10.89034
         0.18515        10.85434
         0.18575        10.81887
         0.18635        10.78392
         0.18695        10.74949
         0.18755        10.71557
         0.18815        10.68215
         0.18875        10.64923
         0.18935        10.61681
         0.18995        10.58487
         0.19055        10.55340
         0.19115        10.52240
         0.19175        10.49186
         0.19235        10.46177
         0.19295        10.43212
         0.19355        10.40290
         0.19415        10.37410
         0.19475        10.34572
         0.19535        10.31774
         0.19595        10.29016
         0.19655        10.26295
         0.19715        10.23612
         0.19775        10.20965
         0.19835        10.18354
         0.19895        10.15776
         0.19955        10.13232
         0.20015        10.10719
         0.20075        10.08237
         0.20135        10.05785
         0.20195        10.03362
         0.20255        10.00966
         0.20315         9.98596
         0.20375         9.96252
         0.20435         9.93931
         0.20495         9.91634
         0.20555         9.89358
         0.20615         9.87103
         0.20675         9.84867
         0.20735         9.82649
         0.20795         9.80449
         0.20855         9.78264
         0.20915         9.76094
         0.20975         9.73937
         0.21035         9.71793
         0.21095         9.69661
         0.21155         9.67538
         0.21215         9.65424
         0.21275         9.63318
         0.21335         9.61218
         0.21395         9.59124
         0.21455         9.57034
         0.21515         9.54947
         0.21575         9.52863
         0.21635         9.50779
         0.21695         9.48696
         0.21755         9.46611
         0.21815         9.44524
         0.21875         9.42434
         0.21935         9.40340
         0.21995         9.38241
         0.22055         9.36135
         0.22115         9.34023
         0.22175         9.31903
         0.22235         9.29774
         0.22296         9.27635
         0.22356         9.25486
         0.22416         9.23326
         0.22476         9.21154
         0.22536         9.18970
         0.22596         9.16772
         0.22656         9.14560
         0.22716         9.12334
         0.22776         9.10093
         0.22836         9.07837
         0.22896         9.05564
         0.22956         9.03276
         0.23016         9.00971
         0.23076         8.98648
         0.23136         8.96309
         0.23196         8.93952
         0.23256         8.91578
         0.23316         8.89186
         0.23376         8.86777
         0.23436         8.84349
         0.23496         8.81904
         0.23556         8.79441
         0.23616         8.76961
         0.23676         8.74463
         0.23736         8.71948
         0.23796         8.69417
         0.23856         8.66868
         0.23916         8.64304
         0.23976         8.61724
         0.24036         8.59128
         0.24096         8.56518
         0.24156         8.53893
         0.24216         8.51254
         0.24276         8.48602
         0.24336         8.45937
         0.24396         8.43260
         0.24456         8.40572
         0.24516         8.37874
         0.24576         8.35166
         0.24636         8.32448
         0.24696         8.29722
         0.24756         8.26989
         0.24816         8.24249
         0.24876         8.21503
         0.24936         8.18752
         0.24996         8.15998
         0.25056         8.13239
         0.25116         8.10479
         0.25176         8.07717
         0.25236         8.04955
         0.25296         8.02193
         0.25356         7.99432
         0.25416         7.96674
         0.25476         7.93919
         0.25536         7.91168
         0.25596         7.88422
         0.25656         7.85681
         0.25716         7.82948
         0.25776         7.80222
         0.25836         7.77505
         0.25896         7.74798
         0.25956         7.72100
         0.26016         7.69414
         0.26076         7.66740
         0.26136         7.64079
         0.26196         7.61431
         0.26256         7.58798
         0.26316         7.56180
         0.26376         7.53578
         0.26436         7.50993
         0.26496         7.48425
         0.26556         7.45875
         0.26616         7.43344
         0.26676         7.40833
         0.26736         7.38342
         0.26796         7.35872
         0.26856         7.33423
         0.26916         7.30996
         0.26976         7.28591
         0.27036         7.26210
         0.27096         7.23852
         0.27156         7.21518
         0.27216         7.19209
         0.27276         7.16924
         0.27336         7.14666
         0.27396         7.12433
         0.27456         7.10226
         0.27516         7.08046
         0.27576         7.05892
         0.27636         7.03767
         0.27696         7.01668
         0.27756         6.99598
         0.27816         6.97555
         0.27876         6.95541
         0.27936         6.93556
         0.27996         6.91599
         0.28056         6.89671
         0.28116         6.87772
         0.28176         6.85903
         0.28236         6.84062
         0.28296         6.82252
         0.28356         6.80470
         0.28416         6.78719
         0.28476         6.76997
         0.28536         6.75304
         0.28596         6.73642
         0.28656         6.72009
         0.28716         6.70405
         0.28776         6.68831
         0.28836         6.67287
         0.28896         6.65771
         0.28956         6.64286
         0.29016         6.62829
         0.29076         6.61402
         0.29136         6.60003
         0.29196         6.58633
         0.29256         6.57292
         0.29316         6.55979
         0.29376         6.54694
         0.29436         6.53437
         0.29496         6.52208
         0.29556         6.51006
         0.29616         6.49831
         0.29676         6.48683
         0.29736         6.47562
         0.29796         6.46467
         0.29856         6.45398
         0.29916         6.44355
         0.29976         6.43336
         0.30036         6.42343
         0.30096         6.41374
         0.30157         6.40429
         0.30217         6.39508
         0.30277         6.38610
         0.30337         6.37736
         0.30397         6.36883
         0.30457         6.36053
         0.30517         6.35244
         0.30577         6.34456
         0.30637         6.33689
         0.30697         6.32942
         0.30757         6.32214
         0.30817         6.31506
         0.30877         6.30816
         0.30937         6.30145
         0.30997         6.29491
         0.31057         6.28854
         0.31117         6.28234
         0.31177         6.27630
         0.31237         6.27042
         0.31297         6.26469
         0.31357         6.25910
         0.31417         6.25365
         0.31477         6.24833
         0.31537         6.24315
         0.31597         6.23808
         0.31657         6.23314
         0.31717         6.22831
         0.31777         6.22359
         0.31837         6.21897
         0.31897         6.21445
         0.31957         6.21002
         0.32017         6.20568
         0.32077         6.20143
         0.32137         6.19725
         0.32197         6.19315
         0.32257         6.18912
         0.32317         6.18515
         0.32377         6.18125
         0.32437         6.17740
         0.32497         6.17361
         0.32557         6.16987
         0.32617         6.16618
         0.32677         6.16254
         0.32737         6.15893
         0.32797         6.15537
         0.32857         6.15184
         0.32917         6.14835
         0.32977         6.14490
         0.33037         6.14147
         0.33097         6.13808
         0.33157         6.13472
         0.33217         6.13139
         0.33277         6.12809
         0.33337         6.12483
         0.33397         6.12159
         0.33457         6.11839
         0.33517         6.11522
         0.33577         6.11209
         0.33637         6.10899
         0.33697         6.10594
         0.33757         6.10294
         0.33817         6.09998
         0.33877         6.09707
         0.33937         6.09422
         0.33997         6.09144
         0.34057         6.08872
         0.34117         6.08607
         0.34177         6.08350
         0.34237         6.08102
         0.34297         6.07863
         0.34357         6.07635
         0.34417         6.07417
         0.34477         6.07211
         0.34537         6.07018
         0.34597         6.06839
         0.34657         6.06674
         0.34717         6.06525
         0.34777         6.06393
         0.34837         6.06279
         0.34897         6.06184
         0.34957         6.06110
         0.35017         6.06058
         0.35077         6.06029
         0.35137         6.06025
         0.35197         6.06047
         0.35257         6.06097
         0.35317         6.06176
         0.35377         6.06286
         0.35437         6.06429
         0.35497         6.06606
         0.35557         6.06819
         0.35617         6.07071
         0.35677         6.07362
         0.35737         6.07696
         0.35797         6.08074
         0.35857         6.08498
         0.35917         6.08971
         0.35977         6.09494
         0.36037         6.10071
         0.36097         6.10703
         0.36157         6.11393
         0.36217         6.12144
         0.36277         6.12958
         0.36337         6.13838
         0.36397         6.14787
         0.36457         6.15808
         0.36517         6.16904
         0.36577         6.18078
         0.36637         6.19333
         0.36697         6.20673
         0.36757         6.22101
         0.36817         6.23621
         0.36877         6.25237
         0.36937         6.26952
         0.36997         6.28770
         0.37057         6.30697
         0.37117         6.32736
         0.37177         6.34891
         0.37237         6.37168
         0.37297         6.39572
         0.37357         6.42108
         0.37417         6.44781
         0.37477         6.47596
         0.37537         6.50561
         0.37597         6.53681
         0.37657         6.56962
         0.37717         6.60412
         0.37777         6.64037
         0.37837         6.67846
         0.37897         6.71846
         0.37957         6.76045
         0.38017         6.80452
         0.38078         6.85077
         0.38138         6.89930
         0.38198         6.95020
         0.38258         7.00358
         0.38318         7.05956
         0.38378         7.11826
         0.38438         7.17981
         0.38498         7.24434
         0.38558         7.31199
         0.38618         7.38293
         0.38678         7.45730
         0.38738         7.53528
         0.38798         7.61704
         0.38858         7.70278
         0.38918         7.79270
         0.38978         7.88701
         0.39038         7.98593
         0.39098         8.08970
         0.39158         8.19858
         0.39218         8.31282
         0.39278         8.43270
         0.39338         8.55851
         0.39398         8.69057
         0.39458         8.82919
         0.39518         8.97471
         0.39578         9.12746
         0.39638         9.28782
         0.39698         9.45616
         0.39758         9.63284
         0.39818         9.81826
         0.39878        10.01281
         0.39938        10.21687
         0.39998        10.43081
         0.40058        10.65500
         0.40118        10.88978
         0.40178        11.13546
         0.40238        11.39229
         0.40298        11.66047
         0.40358        11.94014
         0.40418        12.23131
         0.40478        12.53390
         0.40538        12.84769
         0.40598        13.17227
         0.40658        13.50706
         0.40718        13.85126
         0.40778        14.20381
         0.40838        14.56339
         0.40898        14.92841
         0.40958        15.29693
         0.41018        15.66673
         0.41078        16.03530
         0.41138        16.39980
         0.41198        16.75719
         0.41258        17.10420
         0.41318        17.43746
         0.41378        17.75353
         0.41438        18.04903
         0.41498        18.32078
         0.41558        18.56583
         0.41618        18.78164
         0.41678        18.96613
         0.41738        19.11777
         0.41798        19.23565
         0.41858        19.31947
         0.41918        19.36958
         0.41978        19.38689
         0.42038        19.37287
         0.42098        19.32943
         0.42158        19.25886
         0.42218        19.16371
         0.42278        19.04672
         0.42338        18.91069
         0.42398        18.75842
         0.42458        18.59266
         0.42518        18.41602
         0.42578        18.23093
         0.42638        18.03964
         0.42698        17.84418
         0.42758        17.64633
         0.42818        17.44769
         0.42878        17.24962
         0.42938        17.05329
         0.42998        16.85966
         0.43058        16.66954
         0.43118        16.48360
         0.43178        16.30235
         0.43238        16.12620
         0.43298        15.95544
         0.43358        15.79030
         0.43418        15.63092
         0.43478        15.47739
         0.43538        15.32975
         0.43598        15.18797
         0.43658        15.05204
         0.43718        14.92188
         0.43778        14.79741
         0.43838        14.67853
         0.43898        14.56514
         0.43958        14.45711
         0.44018        14.35432
         0.44078        14.25666
         0.44138        14.16399
         0.44198        14.07619
         0.44258        13.99315
         0.44318        13.91474
         0.44378        13.84085
         0.44438        13.77136
         0.44498        13.70618
         0.44558        13.64521
         0.44618        13.58834
         0.44678        13.53549
         0.44738        13.48657
         0.44798        13.44150
         0.44858        13.40021
         0.44918        13.36263
         0.44978        13.32868
         0.45038        13.29832
         0.45098        13.27148
         0.45158        13.24811
         0.45218        13.22817
         0.45278        13.21161
         0.45338        13.19839
         0.45398        13.18848
         0.45458        13.18183
         0.45518        13.17842
         0.45578        13.17823
         0.45638        13.18122
         0.45698        13.18738
         0.45758        13.19668
         0.45818        13.20910
         0.45878        13.22463
         0.45939        13.24325
         0.45999        13.26495
         0.46059        13.28971
         0.46119        13.31751
         0.46179        13.34836
         0.46239        13.38222
         0.46299        13.41909
         0.46359        13.45896
         0.46419        13.50180
         0.46479        13.54761
         0.46539        13.59636
         0.46599        13.64803
         0.46659        13.70261
         0.46719        13.76007
         0.46779        13.82037
         0.46839        13.88350
         0.46899        13.94942
         0.46959        14.01808
         0.47019        14.08945
         0.47079        14.16348
         0.47139        14.24012
         0.47199        14.31932
         0.47259        14.40101
         0.47319        14.48513
         0.47379        14.57160
         0.47439        14.66035
         0.47499        14.75130
         0.47559        14.84434
         0.47619        14.93940
         0.47679        15.03636
         0.47739        15.13511
         0.47799        15.23555
         0.47859        15.33756
         0.47919        15.44100
         0.47979        15.54574
         0.48039        15.65166
         0.48099        15.75861
         0.48159        15.86644
         0.48219        15.97500
         0.48279        16.08415
         0.48339        16.19374
         0.48399        16.30359
         0.48459        16.41357
         0.48519        16.52350
         0.48579        16.63324
         0.48639        16.74263
         0.48699        16.85152
         0.48759        16.95974
         0.48819        17.06717
         0.48879        17.17364
         0.48939        17.27903
         0.48999        17.38321
         0.49059        17.48604
         0.49119        17.58740
         0.49179        17.68719
         0.49239        17.78530
         0.49299        17.88162
         0.49359        17.97608
         0.49419        18.06859
         0.49479        18.15908
         0.49539        18.24749
         0.49599        18.33376
         0.49659        18.41784
         0.49719        18.49969
         0.49779        18.57928
         0.49839        18.65659
         0.49899        18.73159
         0.49959        18.80429
         0.50019        18.87466
         0.50079        18.94271
         0.50139        19.00845
         0.50199        19.07188
         0.50259        19.13301
         0.50319        19.19187
         0.50379        19.24846
         0.50439        19.30281
         0.50499        19.35494
         0.50559        19.40488
